AL, 11, 2016090712,   , BEST,   0, 150N,  515W,  25, 1010, DB,   0,    ,    0,    0,    0,    0, 1014,  150,  50,   0,   0,    ,   0,    ,   0,   0,     INVEST,  , 
AL, 11, 2016090718,   , BEST,   0, 157N,  532W,  25, 1010, DB,   0,    ,    0,    0,    0,    0, 1014,  150,  50,   0,   0,    ,   0,    ,   0,   0,     INVEST,  , 
AL, 11, 2016090800,   , BEST,   0, 163N,  549W,  25, 1010, DB,   0,    ,    0,    0,    0,    0, 1014,  150,  50,   0,   0,    ,   0,    ,   0,   0,     INVEST,  , 
AL, 11, 2016090806,   , BEST,   0, 167N,  560W,  25, 1010, DB,   0,    ,    0,    0,    0,    0, 1014,  150,  50,   0,   0,    ,   0,    ,   0,   0,     INVEST,  , 
AL, 11, 2016090812,   , BEST,   0, 172N,  570W,  25, 1009, DB,   0,    ,    0,    0,    0,    0, 1010,  150,   0,   0,   0,   L,   0,    ,   0,   0,     INVEST, S, 
AL, 11, 2016090818,   , BEST,   0, 177N,  585W,  20, 1014, DB,   0,    ,    0,    0,    0,    0, 1016,  150,   0,   0,   0,   L,   0,    ,   0,   0,     INVEST, S, 
AL, 11, 2016090900,   , BEST,   0, 179N,  600W,  20, 1014, DB,   0,    ,    0,    0,    0,    0, 1016,  150,  30,   0,   0,   L,   0,    ,   0,   0,     INVEST, S, 
AL, 11, 2016090906,   , BEST,   0, 183N,  612W,  20, 1014, DB,   0,    ,    0,    0,    0,    0, 1016,  150,  30,   0,   0,    ,   0,    ,   0,   0,     INVEST,  , 
AL, 11, 2016090912,   , BEST,   0, 185N,  625W,  20, 1014, DB,   0,    ,    0,    0,    0,    0, 1016,  150,  30,   0,   0,   L,   0,    ,   0,   0,     INVEST, S, 
AL, 11, 2016090918,   , BEST,   0, 195N,  640W,  20, 1014, DB,   0,    ,    0,    0,    0,    0, 1016,  150,  30,   0,   0,   L,   0,    ,   0,   0,     INVEST, S, 
AL, 11, 2016091000,   , BEST,   0, 199N,  647W,  20, 1014, DB,   0,    ,    0,    0,    0,    0, 1016,  150,  30,   0,   0,   L,   0,    ,   0,   0,     INVEST, S, 
AL, 11, 2016091006,   , BEST,   0, 204N,  661W,  20, 1014, DB,   0,    ,    0,    0,    0,    0, 1016,  150,  30,   0,   0,    ,   0,    ,   0,   0,     INVEST,  , 
AL, 11, 2016091012,   , BEST,   0, 210N,  675W,  20, 1015, DB,   0,    ,    0,    0,    0,    0, 1017,  150,  30,   0,   0,   L,   0,    ,   0,   0,     INVEST, S, 
AL, 11, 2016091018,   , BEST,   0, 216N,  687W,  20, 1016, DB,   0,    ,    0,    0,    0,    0, 1018,   90,  30,   0,   0,   L,   0,    ,   0,   0,     INVEST, S, 
AL, 11, 2016091100,   , BEST,   0, 219N,  698W,  20, 1016, DB,   0,    ,    0,    0,    0,    0, 1018,   90,  30,   0,   0,   L,   0,    ,   0,   0,     INVEST, S, 
AL, 11, 2016091106,   , BEST,   0, 222N,  710W,  20, 1016, DB,   0,    ,    0,    0,    0,    0, 1018,   90,  30,   0,   0,    ,   0,    ,   0,   0,     INVEST,  , 
AL, 11, 2016091112,   , BEST,   0, 226N,  724W,  20, 1016, DB,   0,    ,    0,    0,    0,    0, 1018,   90,  30,   0,   0,    ,   0,    ,   0,   0,     INVEST,  , 
AL, 11, 2016091118,   , BEST,   0, 230N,  740W,  20, 1016, DB,   0,    ,    0,    0,    0,    0, 1018,   90,  30,   0,   0,    ,   0,    ,   0,   0,     INVEST,  , 
AL, 11, 2016091200,   , BEST,   0, 235N,  755W,  25, 1016, DB,   0,    ,    0,    0,    0,    0, 1018,   90,  30,   0,   0,    ,   0,    ,   0,   0,     INVEST,  , 
AL, 11, 2016091206,   , BEST,   0, 241N,  767W,  25, 1016, DB,   0,    ,    0,    0,    0,    0, 1018,   90,  30,   0,   0,    ,   0,    ,   0,   0,     INVEST,  , 
AL, 11, 2016091212,   , BEST,   0, 249N,  777W,  25, 1015, DB,   0,    ,    0,    0,    0,    0, 1018,   90,  30,   0,   0,    ,   0,    ,   0,   0,     INVEST,  , 
AL, 11, 2016091218,   , BEST,   0, 257N,  785W,  25, 1013, DB,   0,    ,    0,    0,    0,    0, 1016,  100,  30,   0,   0,   L,   0,    ,   0,   0,     INVEST, S, 
AL, 11, 2016091300,   , BEST,   0, 261N,  790W,  25, 1012, DB,   0,    ,    0,    0,    0,    0, 1016,  100,  30,   0,   0,   L,   0,    ,   0,   0,     INVEST, S, 
AL, 11, 2016091306,   , BEST,   0, 273N,  802W,  30, 1012, TD,   0,    ,    0,    0,    0,    0, 1014,   80,  50,   0,   0,   L,   0,    ,   0,   0,     INVEST, S, 
AL, 11, 2016091312,   , BEST,   0, 281N,  808W,  35, 1010, TS,  34, NEQ,   40,   40,    0,    0, 1014,   80,  50,   0,   0,   L,   0,    ,   0,   0,     INVEST, S, 
AL, 11, 2016091318,   , BEST,   0, 290N,  813W,  35, 1010, TS,  34, NEQ,   50,   50,    0,    0, 1015,  120,  40,   0,   0,   L,   0,    ,   0,   0,     INVEST, S, 
AL, 11, 2016091400,   , BEST,   0, 299N,  815W,  35, 1010, TS,  34, NEQ,   40,   40,    0,    0, 1015,  120,  40,  45,   0,   L,   0,    ,   0,   0,      JULIA, M,  0,    ,    0,    0,    0,    0, TRANSITIONED, alD32016 to al112016, 
AL, 11, 2016091406,   , BEST,   0, 306N,  818W,  35, 1012, TS,  34, NEQ,   70,    0,    0,    0, 1015,   90,  50,  45,   0,   L,   0,    ,   0,   0,      JULIA, M, 12, NEQ,   40,    0,    0,    0, 
AL, 11, 2016091412,   , BEST,   0, 314N,  815W,  35, 1011, TS,  34, NEQ,  100,    0,    0,    0, 1016,   90,  60,  45,   0,   L,   0,    ,   0,   0,      JULIA, M, 12, NEQ,   40,    0,    0,    0, 
AL, 11, 2016091418,   , BEST,   0, 319N,  807W,  35, 1011, TS,  34, NEQ,  100,    0,    0,   60, 1016,   90,  60,  45,   0,   L,   0,    ,   0,   0,      JULIA, M, 
AL, 11, 2016091500,   , BEST,   0, 320N,  800W,  35, 1009, TS,  34, NEQ,  100,    0,    0,   60, 1016,   90,  60,  45,   0,   L,   0,    ,   0,   0,      JULIA, M, 12, NEQ,    0,   80,    0,    0, 
AL, 11, 2016091506,   , BEST,   0, 319N,  797W,  30, 1010, TD,   0,    ,    0,    0,    0,    0, 1015,   80,  50,  40,   0,   L,   0,    ,   0,   0,      JULIA, S, 12, NEQ,    0,   80,    0,    0, 
AL, 11, 2016091512,   , BEST,   0, 319N,  788W,  30, 1009, TD,   0,    ,    0,    0,    0,    0, 1016,   90,  50,  40,   0,   L,   0,    ,   0,   0,      JULIA, S, 
AL, 11, 2016091518,   , BEST,   0, 321N,  775W,  35, 1007, TS,  34, NEQ,   70,    0,    0,    0, 1016,  100,  60,  45,   0,   L,   0,    ,   0,   0,      JULIA, S, 
AL, 11, 2016091600,   , BEST,   0, 315N,  773W,  35, 1007, TS,  34, NEQ,   70,    0,    0,    0, 1016,  100,  60,  45,   0,   L,   0,    ,   0,   0,      JULIA, S, 12, NEQ,   70,    0,    0,    0, 
AL, 11, 2016091606,   , BEST,   0, 311N,  767W,  35, 1008, TS,  34, NEQ,   60,    0,    0,    0, 1016,  150,  60,  45,   0,   L,   0,    ,   0,   0,      JULIA, S, 12, NEQ,   70,    0,    0,   50, 
AL, 11, 2016091612,   , BEST,   0, 311N,  758W,  35, 1008, TS,  34, NEQ,   60,    0,    0,    0, 1016,  150,  60,  45,   0,   L,   0,    ,   0,   0,      JULIA, S, 12, NEQ,   90,    0,    0,   60, 
AL, 11, 2016091618,   , BEST,   0, 310N,  756W,  35, 1007, TS,  34, NEQ,   30,    0,    0,   30, 1016,  150,  30,  45,   0,   L,   0,    ,   0,   0,      JULIA, S, 12, NEQ,   90,    0,    0,  120, 
AL, 11, 2016091700,   , BEST,   0, 303N,  762W,  25, 1009, TD,   0,    ,    0,    0,    0,    0, 1016,  150,  35,  40,   0,   L,   0,    ,   0,   0,      JULIA, S, 
AL, 11, 2016091706,   , BEST,   0, 302N,  763W,  25, 1009, TD,   0,    ,    0,    0,    0,    0, 1016,  150,  35,  35,   0,   L,   0,    ,   0,   0,      JULIA, S, 
AL, 11, 2016091712,   , BEST,   0, 302N,  762W,  25, 1010, TD,   0,    ,    0,    0,    0,    0, 1016,  150,  35,  35,   0,   L,   0,    ,   0,   0,      JULIA, S, 
AL, 11, 2016091718,   , BEST,   0, 304N,  762W,  25, 1010, TD,   0,    ,    0,    0,    0,    0, 1016,  150,  35,  35,   0,   L,   0,    ,   0,   0,      JULIA, S, 
AL, 11, 2016091800,   , BEST,   0, 306N,  763W,  25, 1010, TD,   0,    ,    0,    0,    0,    0, 1016,  150,  35,  35,   0,   L,   0,    ,   0,   0,      JULIA, S, 
AL, 11, 2016091806,   , BEST,   0, 311N,  766W,  25, 1010, TD,   0,    ,    0,    0,    0,    0, 1015,  150,  40,  35,   0,   L,   0,    ,   0,   0,      JULIA, S, 
AL, 11, 2016091812,   , BEST,   0, 318N,  770W,  25, 1010, TD,   0,    ,    0,    0,    0,    0, 1015,  150,  40,  35,   0,   L,   0,    ,   0,   0,      JULIA, S, 
AL, 11, 2016091818,   , BEST,   0, 320N,  778W,  25, 1010, TD,   0,    ,    0,    0,    0,    0, 1015,  150,  40,  35,   0,   L,   0,    ,   0,   0,      JULIA, S, 
AL, 11, 2016091900,   , BEST,   0, 322N,  783W,  25, 1010, LO,   0,    ,    0,    0,    0,    0, 1013,  100,  40,  35,   0,   L,   0,    ,   0,   0,      JULIA, S, 
AL, 11, 2016091906,   , BEST,   0, 324N,  782W,  20, 1011, LO,  34, NEQ,    0,    0,    0,    0, 1013,  100,  40,   0,   0,   L,   0,    ,   0,   0,      JULIA, S, 
