AL, 91, 2014101012,   , BEST,   0, 133N,  322W,  25, 1009, DB,   0,    ,    0,    0,    0,    0, 
AL, 91, 2014101018,   , BEST,   0, 134N,  332W,  25, 1009, DB,   0,    ,    0,    0,    0,    0, 
AL, 91, 2014101100,   , BEST,   0, 135N,  341W,  25, 1009, DB,   0,    ,    0,    0,    0,    0, 
AL, 91, 2014101106,   , BEST,   0, 136N,  351W,  25, 1010, DB,   0,    ,    0,    0,    0,    0, 1012,  150,  60,   0,   0, 
AL, 91, 2014101112,   , BEST,   0, 137N,  362W,  25, 1009, DB,   0,    ,    0,    0,    0,    0, 1010,  150,   0,   0,   0,   L,   0,    ,   0,   0,     INVEST, S, 
AL, 91, 2014101118,   , BEST,   0, 138N,  375W,  25, 1009, DB,   0,    ,    0,    0,    0,    0, 1010,  150,   0,   0,   0,   L,   0,    ,   0,   0,     INVEST, S, 
AL, 91, 2014101200,   , BEST,   0, 139N,  390W,  25, 1009, DB,   0,    ,    0,    0,    0,    0, 1010,  150,  60,   0,   0,   L,   0,    ,   0,   0,     INVEST, S, 
AL, 91, 2014101206,   , BEST,   0, 140N,  397W,  25, 1010, DB,   0,    ,    0,    0,    0,    0, 1010,  150,  60,   0,   0, 
AL, 91, 2014101212,   , BEST,   0, 141N,  405W,  25, 1011, DB,   0,    ,    0,    0,    0,    0, 1010,  150,  60,   0,   0, 
AL, 91, 2014101218,   , BEST,   0, 142N,  414W,  25, 1011, DB,   0,    ,    0,    0,    0,    0, 1010,  150,  60,   0,   0, 
AL, 91, 2014101300,   , BEST,   0, 143N,  421W,  25, 1011, DB,   0,    ,    0,    0,    0,    0, 1010,  150,  60,   0,   0, 
AL, 91, 2014101306,   , BEST,   0, 144N,  427W,  25, 1011, DB,   0,    ,    0,    0,    0,    0, 1010,  150,  60,   0,   0, 
AL, 91, 2014101312,   , BEST,   0, 145N,  433W,  25, 1011, DB,   0,    ,    0,    0,    0,    0, 1010,  150,  60,   0,   0, 
AL, 91, 2014101318,   , BEST,   0, 146N,  438W,  25, 1011, DB,   0,    ,    0,    0,    0,    0, 1012,  120,  60,   0,   0,   L,   0,    ,   0,   0,     INVEST, S, 
AL, 91, 2014101400,   , BEST,   0, 150N,  440W,  25, 1011, DB,   0,    ,    0,    0,    0,    0, 1012,  120,  60,   0,   0, 
AL, 91, 2014101406,   , BEST,   0, 155N,  440W,  25, 1011, DB,   0,    ,    0,    0,    0,    0, 1013,  120,  60,   0,   0,   L,   0,    ,   0,   0,     INVEST, S, 
AL, 91, 2014101412,   , BEST,   0, 153N,  425W,  30, 1011, DB,   0,    ,    0,    0,    0,    0, 1013,  120,  90,   0,   0,   L,   0,    ,   0,   0,     INVEST, S, 
AL, 91, 2014101418,   , BEST,   0, 157N,  425W,  30, 1009, DB,  34, NEQ,    0,    0,    0,    0, 1011,  120,  90,   0,   0,   L,   0,    ,   0,   0,     INVEST, S, 
