CP, 92, 2018071800,   , BEST,   0,  85N, 1158W,  15,    0, DB,   0,    ,    0,    0,    0,    0,    0,    0,   0,   0,   0,    ,   0,    ,   0,   0, GENESIS013,  ,  0,    ,    0,    0,    0,    0, genesis-num, 013, 
CP, 92, 2018071806,   , BEST,   0,  87N, 1173W,  20,    0, DB,   0,    ,    0,    0,    0,    0,    0,    0,   0,   0,   0,    ,   0,    ,   0,   0, GENESIS013,  ,  0,    ,    0,    0,    0,    0, genesis-num, 013, 
CP, 92, 2018071812,   , BEST,   0,  89N, 1185W,  20,    0, DB,   0,    ,    0,    0,    0,    0,    0,    0,   0,   0,   0,    ,   0,    ,   0,   0, GENESIS013,  ,  0,    ,    0,    0,    0,    0, genesis-num, 013, 
CP, 92, 2018071818,   , BEST,   0,  92N, 1201W,  25, 1009, DB,   0,    ,    0,    0,    0,    0, 1010,  150,  75,   0,   0,   E,   0,    ,   0,   0,     INVEST, S,  0,    ,    0,    0,    0,    0, genesis-num, 013, SPAWNINVEST, ep752018 to ep902018, 
CP, 92, 2018071900,   , BEST,   0,  94N, 1214W,  25, 1009, DB,   0,    ,    0,    0,    0,    0, 1010,  150,  75,   0,   0,   E,   0,    ,   0,   0,     INVEST, S,  0,    ,    0,    0,    0,    0, genesis-num, 013, 
CP, 92, 2018071906,   , BEST,   0,  97N, 1227W,  25, 1009, DB,   0,    ,    0,    0,    0,    0, 1010,  150,  75,   0,   0,    ,   0,    ,   0,   0,     INVEST,  ,  0,    ,    0,    0,    0,    0, genesis-num, 013, 
CP, 92, 2018071912,   , BEST,   0, 100N, 1240W,  25, 1008, DB,   0,    ,    0,    0,    0,    0, 1010,  150,  75,   0,   0,   E,   0,    ,   0,   0,     INVEST, S,  0,    ,    0,    0,    0,    0, genesis-num, 013, 
CP, 92, 2018071918,   , BEST,   0, 103N, 1255W,  25, 1008, DB,   0,    ,    0,    0,    0,    0, 1010,  150,  75,   0,   0,   E,   0,    ,   0,   0,     INVEST, S,  0,    ,    0,    0,    0,    0, genesis-num, 013, 
CP, 92, 2018072000,   , BEST,   0, 106N, 1270W,  25, 1008, DB,   0,    ,    0,    0,    0,    0, 1010,  150,  60,   0,   0,   E,   0,    ,   0,   0,     INVEST, S,  0,    ,    0,    0,    0,    0, genesis-num, 013, 
CP, 92, 2018072006,   , BEST,   0, 110N, 1283W,  25, 1008, DB,   0,    ,    0,    0,    0,    0, 1010,  150,  60,   0,   0,    ,   0,    ,   0,   0,     INVEST,  ,  0,    ,    0,    0,    0,    0, genesis-num, 013, 
CP, 92, 2018072012,   , BEST,   0, 113N, 1295W,  25, 1008, DB,   0,    ,    0,    0,    0,    0, 1010,  150,  60,   0,   0,   E,   0,    ,   0,   0,     INVEST, S,  0,    ,    0,    0,    0,    0, genesis-num, 013, 
CP, 92, 2018072018,   , BEST,   0, 122N, 1308W,  25, 1008, DB,   0,    ,    0,    0,    0,    0, 1010,  150,  60,   0,   0,   E,   0,    ,   0,   0,     INVEST, S,  0,    ,    0,    0,    0,    0, genesis-num, 013, 
CP, 92, 2018072100,   , BEST,   0, 130N, 1320W,  25, 1008, DB,   0,    ,    0,    0,    0,    0, 1010,  150,  60,   0,   0,   E,   0,    ,   0,   0,     INVEST, S,  0,    ,    0,    0,    0,    0, genesis-num, 013, 
CP, 92, 2018072106,   , BEST,   0, 134N, 1329W,  25, 1008, DB,   0,    ,    0,    0,    0,    0, 1010,  150,  60,   0,   0,    ,   0,    ,   0,   0,     INVEST,  ,  0,    ,    0,    0,    0,    0, genesis-num, 013, 
CP, 92, 2018072112,   , BEST,   0, 134N, 1336W,  25, 1008, DB,   0,    ,    0,    0,    0,    0, 1010,  150,  60,   0,   0,   E,   0,    ,   0,   0,     INVEST, S,  0,    ,    0,    0,    0,    0, genesis-num, 013, 
CP, 92, 2018072118,   , BEST,   0, 134N, 1349W,  25, 1008, DB,   0,    ,    0,    0,    0,    0, 1010,  150,  60,   0,   0,   E,   0,    ,   0,   0,     INVEST, S,  0,    ,    0,    0,    0,    0, genesis-num, 013, 
CP, 92, 2018072200,   , BEST,   0, 134N, 1362W,  25, 1008, LO,   0,    ,    0,    0,    0,    0, 1010,  150,  60,   0,   0,   E,   0,    ,   0,   0,     INVEST, S,  0,    ,    0,    0,    0,    0, genesis-num, 013, 
CP, 92, 2018072206,   , BEST,   0, 133N, 1374W,  25, 1008, LO,   0,    ,    0,    0,    0,    0, 1010,  150,  60,   0,   0,    ,   0,    ,   0,   0,     INVEST,  ,  0,    ,    0,    0,    0,    0, genesis-num, 013, 
CP, 92, 2018072212,   , BEST,   0, 133N, 1386W,  25, 1008, LO,   0,    ,    0,    0,    0,    0, 1010,  150,  60,   0,   0,   E,   0,    ,   0,   0,     INVEST, S,  0,    ,    0,    0,    0,    0, genesis-num, 013, 
CP, 92, 2018072218,   , BEST,   0, 133N, 1400W,  25, 1008, LO,   0,    ,    0,    0,    0,    0, 1010,  150,  60,   0,   0,   C,   0,    ,   0,   0,     INVEST, S,  0,    ,    0,    0,    0,    0, genesis-num, 013, 
CP, 92, 2018072300,   , BEST,   0, 128N, 1409W,  25, 1008, LO,   0,    ,    0,    0,    0,    0, 1010,  150,  60,   0,   0,   C,   0,    ,   0,   0,     INVEST, S,  0,    ,    0,    0,    0,    0, genesis-num, 013, 
CP, 92, 2018072306,   , BEST,   0, 128N, 1423W,  25, 1008, LO,   0,    ,    0,    0,    0,    0, 1010,  100,  60,   0,   0,   C,   0,    ,   0,   0,     INVEST, S,  0,    ,    0,    0,    0,    0, genesis-num, 013, 
CP, 92, 2018072312,   , BEST,   0, 128N, 1435W,  25, 1008, LO,   0,    ,    0,    0,    0,    0, 1010,  100,  60,   0,   0,   C,   0,    ,   0,   0,     INVEST, S,  0,    ,    0,    0,    0,    0, genesis-num, 013, 
CP, 92, 2018072318,   , BEST,   0, 127N, 1446W,  25, 1009, LO,   0,    ,    0,    0,    0,    0, 1010,  100,  60,   0,   0,   C,   0,    ,   0,   0,     INVEST, S,  0,    ,    0,    0,    0,    0, genesis-num, 013, 
CP, 92, 2018072400,   , BEST,   0, 126N, 1456W,  25, 1009, LO,   0,    ,    0,    0,    0,    0, 1010,   90,  60,   0,   0,   C,   0,    ,   0,   0,     INVEST, S,  0,    ,    0,    0,    0,    0, genesis-num, 013, 
CP, 92, 2018072406,   , BEST,   0, 138N, 1469W,  25, 1009, LO,   0,    ,    0,    0,    0,    0, 1010,   90,  60,   0,   0,   C,   0,    ,   0,   0,     INVEST, S,  0,    ,    0,    0,    0,    0, genesis-num, 013, 
CP, 92, 2018072412,   , BEST,   0, 135N, 1483W,  25, 1009, LO,   0,    ,    0,    0,    0,    0, 1010,   90,  60,   0,   0,   C,   0,    ,   0,   0,     INVEST, S,  0,    ,    0,    0,    0,    0, genesis-num, 013, 
CP, 92, 2018072418,   , BEST,   0, 138N, 1490W,  25, 1009, LO,   0,    ,    0,    0,    0,    0, 1010,   90,  60,   0,   0,   C,   0,    ,   0,   0,     INVEST, S,  0,    ,    0,    0,    0,    0, genesis-num, 013, 
CP, 92, 2018072500,   , BEST,   0, 139N, 1500W,  25, 1009, LO,   0,    ,    0,    0,    0,    0, 1010,   90,  60,   0,   0,   C,   0,    ,   0,   0,     INVEST, S,  0,    ,    0,    0,    0,    0, genesis-num, 013, 
CP, 92, 2018072506,   , BEST,   0, 141N, 1513W,  25, 1009, LO,   0,    ,    0,    0,    0,    0, 1010,   90,  60,   0,   0,   C,   0,    ,   0,   0,     INVEST, S,  0,    ,    0,    0,    0,    0, genesis-num, 013, 
CP, 92, 2018072512,   , BEST,   0, 141N, 1524W,  25, 1009, LO,   0,    ,    0,    0,    0,    0, 1010,   90,  60,   0,   0,   C,   0,    ,   0,   0,     INVEST, S,  0,    ,    0,    0,    0,    0, genesis-num, 013, 
CP, 92, 2018072518,   , BEST,   0, 132N, 1544W,  25, 1010, LO,   0,    ,    0,    0,    0,    0, 1011,   90,  60,   0,   0,   C,   0,    ,   0,   0,     INVEST, S,  0,    ,    0,    0,    0,    0, genesis-num, 013, 
CP, 92, 2018072600,   , BEST,   0, 129N, 1557W,  20, 1009, LO,  34, NEQ,    0,    0,    0,    0, 1010,   90,  60,   0,   0,   C,   0,    ,   0,   0,     INVEST, S,  0,    ,    0,    0,    0,    0, genesis-num, 013, 
