EP, 05, 2019071412,   , BEST,   0,  92N,  802W,  15,    0, DB,   0,    ,    0,    0,    0,    0, 1010,  120,  40,   0,   0,    ,   0,    ,   0,   0, GENESIS013,  ,  0,    ,    0,    0,    0,    0, genesis-num, 013, 
EP, 05, 2019071418,   , BEST,   0,  92N,  817W,  15,    0, DB,   0,    ,    0,    0,    0,    0, 1010,  120,  40,   0,   0,    ,   0,    ,   0,   0, GENESIS013,  ,  0,    ,    0,    0,    0,    0, genesis-num, 013, 
EP, 05, 2019071500,   , BEST,   0,  91N,  833W,  15,    0, DB,   0,    ,    0,    0,    0,    0, 1010,  120,  40,   0,   0,    ,   0,    ,   0,   0, GENESIS013,  ,  0,    ,    0,    0,    0,    0, genesis-num, 013, 
EP, 05, 2019071506,   , BEST,   0,  91N,  848W,  20,    0, DB,   0,    ,    0,    0,    0,    0, 1010,  120,  40,   0,   0,    ,   0,    ,   0,   0, GENESIS013,  ,  0,    ,    0,    0,    0,    0, genesis-num, 013, 
EP, 05, 2019071512,   , BEST,   0,  90N,  862W,  20, 1008, DB,   0,    ,    0,    0,    0,    0, 1010,  120,  40,   0,   0,   E,   0,    ,   0,   0,     INVEST, M,  0,    ,    0,    0,    0,    0, genesis-num, 013, SPAWNINVEST, ep732019 to ep972019, 
EP, 05, 2019071518,   , BEST,   0,  91N,  876W,  20, 1008, DB,   0,    ,    0,    0,    0,    0, 1010,  120,  40,   0,   0,   E,   0,    ,   0,   0,     INVEST, M,  0,    ,    0,    0,    0,    0, genesis-num, 013, 
EP, 05, 2019071600,   , BEST,   0,  95N,  889W,  20, 1008, DB,   0,    ,    0,    0,    0,    0, 1010,  120,  40,   0,   0,   E,   0,    ,   0,   0,     INVEST, M,  0,    ,    0,    0,    0,    0, genesis-num, 013, 
EP, 05, 2019071606,   , BEST,   0, 101N,  901W,  20, 1008, DB,   0,    ,    0,    0,    0,    0, 1010,  120,  40,   0,   0,   E,   0,    ,   0,   0,     INVEST, M,  0,    ,    0,    0,    0,    0, genesis-num, 013, 
EP, 05, 2019071612,   , BEST,   0, 106N,  913W,  20, 1009, DB,   0,    ,    0,    0,    0,    0, 1010,  120,  40,   0,   0,   E,   0,    ,   0,   0,     INVEST, S,  0,    ,    0,    0,    0,    0, genesis-num, 013, 
EP, 05, 2019071618,   , BEST,   0, 109N,  926W,  20, 1008, DB,   0,    ,    0,    0,    0,    0, 1009,  120,  40,   0,   0,   E,   0,    ,   0,   0,     INVEST, S,  0,    ,    0,    0,    0,    0, genesis-num, 013, 
EP, 05, 2019071700,   , BEST,   0, 110N,  940W,  20, 1008, DB,   0,    ,    0,    0,    0,    0, 1009,  120,  40,   0,   0,   E,   0,    ,   0,   0,     INVEST, S,  0,    ,    0,    0,    0,    0, genesis-num, 013, 
EP, 05, 2019071706,   , BEST,   0, 109N,  955W,  20, 1008, DB,   0,    ,    0,    0,    0,    0, 1009,  120,  40,   0,   0,    ,   0,    ,   0,   0,     INVEST,  ,  0,    ,    0,    0,    0,    0, genesis-num, 013, 
EP, 05, 2019071712,   , BEST,   0, 106N,  970W,  20, 1008, DB,   0,    ,    0,    0,    0,    0, 1009,  120,  40,   0,   0,   E,   0,    ,   0,   0,     INVEST, S,  0,    ,    0,    0,    0,    0, genesis-num, 013, 
EP, 05, 2019071718,   , BEST,   0, 102N,  985W,  20, 1008, DB,   0,    ,    0,    0,    0,    0, 1009,  120,  40,   0,   0,   E,   0,    ,   0,   0,     INVEST, S,  0,    ,    0,    0,    0,    0, genesis-num, 013, 
EP, 05, 2019071800,   , BEST,   0, 100N, 1000W,  20, 1008, DB,   0,    ,    0,    0,    0,    0, 1009,  120,  40,   0,   0,   E,   0,    ,   0,   0,     INVEST, S,  0,    ,    0,    0,    0,    0, genesis-num, 013, 
EP, 05, 2019071806,   , BEST,   0, 100N, 1013W,  20, 1008, DB,   0,    ,    0,    0,    0,    0, 1009,  120,  40,   0,   0,   E,   0,    ,   0,   0,     INVEST, S,  0,    ,    0,    0,    0,    0, genesis-num, 013, 
EP, 05, 2019071812,   , BEST,   0, 100N, 1027W,  20, 1008, DB,   0,    ,    0,    0,    0,    0, 1009,  120,  40,   0,   0,   E,   0,    ,   0,   0,     INVEST, S,  0,    ,    0,    0,    0,    0, genesis-num, 013, 
EP, 05, 2019071818,   , BEST,   0, 100N, 1041W,  20, 1008, DB,   0,    ,    0,    0,    0,    0, 1009,  120,  40,   0,   0,   E,   0,    ,   0,   0,     INVEST, S,  0,    ,    0,    0,    0,    0, genesis-num, 013, 
EP, 05, 2019071900,   , BEST,   0, 101N, 1055W,  20, 1008, DB,   0,    ,    0,    0,    0,    0, 1009,  120,  40,   0,   0,    ,   0,    ,   0,   0,     INVEST,  ,  0,    ,    0,    0,    0,    0, genesis-num, 013, 
EP, 05, 2019071906,   , BEST,   0, 103N, 1070W,  20, 1008, DB,   0,    ,    0,    0,    0,    0, 1009,  120,  40,   0,   0,    ,   0,    ,   0,   0,     INVEST,  ,  0,    ,    0,    0,    0,    0, genesis-num, 013, 
EP, 05, 2019071912,   , BEST,   0, 106N, 1085W,  20, 1008, DB,   0,    ,    0,    0,    0,    0, 1009,  120,  40,   0,   0,    ,   0,    ,   0,   0,     INVEST,  ,  0,    ,    0,    0,    0,    0, genesis-num, 013, 
EP, 05, 2019071918,   , BEST,   0, 109N, 1099W,  20, 1007, DB,   0,    ,    0,    0,    0,    0, 1009,  120,  40,   0,   0,    ,   0,    ,   0,   0,     INVEST,  ,  0,    ,    0,    0,    0,    0, genesis-num, 013, 
EP, 05, 2019072000,   , BEST,   0, 111N, 1112W,  20, 1007, DB,   0,    ,    0,    0,    0,    0, 1008,  180,  40,   0,   0,   E,   0,    ,   0,   0,     INVEST, S,  0,    ,    0,    0,    0,    0, genesis-num, 013, 
EP, 05, 2019072006,   , BEST,   0, 112N, 1122W,  20, 1007, DB,   0,    ,    0,    0,    0,    0, 1008,  180,  40,   0,   0,   E,   0,    ,   0,   0,     INVEST, S,  0,    ,    0,    0,    0,    0, genesis-num, 013, 
EP, 05, 2019072012,   , BEST,   0, 113N, 1130W,  20, 1007, DB,   0,    ,    0,    0,    0,    0, 1010,  180,  60,   0,   0,   E,   0,    ,   0,   0,     INVEST, S,  0,    ,    0,    0,    0,    0, genesis-num, 013, 
EP, 05, 2019072018,   , BEST,   0, 115N, 1138W,  25, 1007, DB,   0,    ,    0,    0,    0,    0, 1010,  180,  60,   0,   0,   E,   0,    ,   0,   0,     INVEST, S,  0,    ,    0,    0,    0,    0, genesis-num, 013, 
EP, 05, 2019072100,   , BEST,   0, 117N, 1146W,  25, 1006, LO,   0,    ,    0,    0,    0,    0, 1010,  180,  60,  35,   0,   E,   0,    ,   0,   0,     INVEST, S,  0,    ,    0,    0,    0,    0, genesis-num, 013, 
EP, 05, 2019072106,   , BEST,   0, 120N, 1154W,  30, 1006, LO,   0,    ,    0,    0,    0,    0, 1010,  180,  60,  40,   0,   E,   0,    ,   0,   0,     INVEST, M,  0,    ,    0,    0,    0,    0, genesis-num, 013, 
EP, 05, 2019072112,   , BEST,   0, 125N, 1159W,  30, 1006, LO,   0,    ,    0,    0,    0,    0, 1010,  180,  60,  40,   0,   E,   0,    ,   0,   0,     INVEST, M,  0,    ,    0,    0,    0,    0, genesis-num, 013, 
EP, 05, 2019072118,   , BEST,   0, 132N, 1160W,  30, 1006, LO,   0,    ,    0,    0,    0,    0, 1010,  180,  60,  40,   0,   E,   0,    ,   0,   0,     INVEST, M,  0,    ,    0,    0,    0,    0, genesis-num, 013, 
EP, 05, 2019072200,   , BEST,   0, 139N, 1161W,  30, 1006, LO,   0,    ,    0,    0,    0,    0, 1010,  200,  60,  40,   0,   E,   0,    ,   0,   0,     INVEST, S,  0,    ,    0,    0,    0,    0, genesis-num, 013, 
EP, 05, 2019072206,   , BEST,   0, 147N, 1162W,  30, 1006, TD,   0,    ,    0,    0,    0,    0, 1010,  200,  50,  40,   0,   E,   0,    ,   0,   0,       FIVE, M,  0,    ,    0,    0,    0,    0, genesis-num, 013, TRANSITIONED, epA72019 to ep052019, 
EP, 05, 2019072212,   , BEST,   0, 156N, 1163W,  30, 1006, TD,   0,    ,    0,    0,    0,    0, 1010,  200,  50,  40,   0,   E,   0,    ,   0,   0,       FIVE, M,  0,    ,    0,    0,    0,    0, genesis-num, 013, 
EP, 05, 2019072218,   , BEST,   0, 165N, 1165W,  30, 1006, TD,   0,    ,    0,    0,    0,    0, 1010,  200,  50,  40,   0,   E,   0,    ,   0,   0,       FIVE, M,  0,    ,    0,    0,    0,    0, genesis-num, 013, 
EP, 05, 2019072300,   , BEST,   0, 172N, 1168W,  30, 1006, TD,   0,    ,    0,    0,    0,    0, 1010,  200,  60,  40,   0,   E,   0,    ,   0,   0,       FIVE, M,  0,    ,    0,    0,    0,    0, genesis-num, 013, 
EP, 05, 2019072306,   , BEST,   0, 178N, 1171W,  35, 1005, TS,  34, NEQ,    0,   80,   80,    0, 1010,  200,  60,  45,   0,   E,   0,    ,   0,   0,     DALILA, M,  0,    ,    0,    0,    0,    0, genesis-num, 013, 
EP, 05, 2019072312,   , BEST,   0, 183N, 1174W,  40, 1005, TS,  34, NEQ,    0,   80,   80,    0, 1011,  200,  60,  45,   0,   E,   0,    ,   0,   0,     DALILA, M,  0,    ,    0,    0,    0,    0, genesis-num, 013, 
EP, 05, 2019072318,   , BEST,   0, 188N, 1178W,  35, 1006, TS,  34, NEQ,    0,   80,   80,    0, 1012,  180,  60,  45,   0,   E,   0,    ,   0,   0,     DALILA, M, 12, NEQ,   80,   80,    0,    0, genesis-num, 013, 
EP, 05, 2019072400,   , BEST,   0, 192N, 1182W,  35, 1006, TS,  34, NEQ,    0,   80,    0,    0, 1012,  180,  60,  45,   0,   E,   0,    ,   0,   0,     DALILA, M,  0,    ,    0,    0,    0,    0, genesis-num, 013, 
EP, 05, 2019072406,   , BEST,   0, 197N, 1186W,  30, 1007, TD,   0,    ,    0,    0,    0,    0, 1012,  180,  60,  40,   0,   E,   0,    ,   0,   0,     DALILA, M, 12, NEQ,   90,   90,    0,    0, genesis-num, 013, 
EP, 05, 2019072412,   , BEST,   0, 202N, 1190W,  30, 1007, TD,   0,    ,    0,    0,    0,    0, 1010,  180,  60,  40,   0,   E,   0,    ,   0,   0,     DALILA, M, 12, NEQ,   90,   90,    0,    0, genesis-num, 013, 
EP, 05, 2019072418,   , BEST,   0, 206N, 1195W,  25, 1008, TD,   0,    ,    0,    0,    0,    0, 1013,  150,  50,  35,   0,   E,   0,    ,   0,   0,     DALILA, S,  0,    ,    0,    0,    0,    0, genesis-num, 013, 
EP, 05, 2019072500,   , BEST,   0, 211N, 1198W,  25, 1008, TD,   0,    ,    0,    0,    0,    0, 1013,  150,  60,  35,   0,   E,   0,    ,   0,   0,     DALILA, S,  0,    ,    0,    0,    0,    0, genesis-num, 013, 
EP, 05, 2019072506,   , BEST,   0, 214N, 1202W,  25, 1009, TD,   0,    ,    0,    0,    0,    0, 1013,  150,  70,  35,   0,   E,   0,    ,   0,   0,     DALILA, S,  0,    ,    0,    0,    0,    0, genesis-num, 013, 
EP, 05, 2019072512,   , BEST,   0, 218N, 1205W,  20, 1009, LO,  34, NEQ,    0,    0,    0,    0, 1013,  150,  70,  30,   0,   E,   0,    ,   0,   0,     DALILA, S,  0,    ,    0,    0,    0,    0, genesis-num, 013, 
