EP, 13, 2018080212,   , BEST,   0, 129N, 1091W,  15,    0, DB,   0,    ,    0,    0,    0,    0,    0,    0,   0,   0,   0,    ,   0,    ,   0,   0, GENESIS020,  ,  0,    ,    0,    0,    0,    0, 
EP, 13, 2018080218,   , BEST,   0, 129N, 1099W,  15,    0, DB,   0,    ,    0,    0,    0,    0,    0,    0,   0,   0,   0,    ,   0,    ,   0,   0, GENESIS020,  ,  0,    ,    0,    0,    0,    0, 
EP, 13, 2018080300,   , BEST,   0, 129N, 1108W,  15,    0, DB,   0,    ,    0,    0,    0,    0,    0,    0,   0,   0,   0,    ,   0,    ,   0,   0, GENESIS020,  ,  0,    ,    0,    0,    0,    0, 
EP, 13, 2018080306,   , BEST,   0, 129N, 1117W,  20,    0, DB,   0,    ,    0,    0,    0,    0,    0,    0,   0,   0,   0,    ,   0,    ,   0,   0, GENESIS020,  ,  0,    ,    0,    0,    0,    0, 
EP, 13, 2018080312,   , BEST,   0, 127N, 1126W,  20, 1008, DB,   0,    ,    0,    0,    0,    0, 1009,  150,  90,   0,   0,   E,   0,    ,   0,   0,     INVEST, S,  0,    ,    0,    0,    0,    0, 
EP, 13, 2018080318,   , BEST,   0, 127N, 1135W,  25, 1008, LO,   0,    ,    0,    0,    0,    0, 1009,  150,  90,   0,   0,   E,   0,    ,   0,   0,     INVEST, S,  0,    ,    0,    0,    0,    0, 
EP, 13, 2018080400,   , BEST,   0, 125N, 1144W,  25, 1007, LO,   0,    ,    0,    0,    0,    0, 1009,  150,  90,   0,   0,   E,   0,    ,   0,   0,     INVEST, S,  0,    ,    0,    0,    0,    0, 
EP, 13, 2018080406,   , BEST,   0, 122N, 1151W,  25, 1007, LO,   0,    ,    0,    0,    0,    0, 1009,  150,  90,   0,   0,   E,   0,    ,   0,   0,     INVEST, S,  0,    ,    0,    0,    0,    0, 
EP, 13, 2018080412,   , BEST,   0, 120N, 1158W,  25, 1007, LO,   0,    ,    0,    0,    0,    0, 1009,  180,  90,   0,   0,   E,   0,    ,   0,   0,     INVEST, S,  0,    ,    0,    0,    0,    0, 
EP, 13, 2018080418,   , BEST,   0, 125N, 1166W,  25, 1007, LO,   0,    ,    0,    0,    0,    0, 1009,  180,  90,   0,   0,   E,   0,    ,   0,   0,     INVEST, S,  0,    ,    0,    0,    0,    0, 
EP, 13, 2018080500,   , BEST,   0, 127N, 1176W,  25, 1007, LO,   0,    ,    0,    0,    0,    0, 1009,  180,  90,   0,   0,   E,   0,    ,   0,   0,     INVEST, S,  0,    ,    0,    0,    0,    0, 
EP, 13, 2018080506,   , BEST,   0, 127N, 1185W,  25, 1007, LO,   0,    ,    0,    0,    0,    0, 1009,  180,  90,   0,   0,   E,   0,    ,   0,   0,     INVEST, S,  0,    ,    0,    0,    0,    0, 
EP, 13, 2018080512,   , BEST,   0, 127N, 1192W,  25, 1006, LO,   0,    ,    0,    0,    0,    0, 1008,  180,  90,   0,   0,   E,   0,    ,   0,   0,     INVEST, S,  0,    ,    0,    0,    0,    0, 
EP, 13, 2018080518,   , BEST,   0, 127N, 1200W,  25, 1006, LO,   0,    ,    0,    0,    0,    0, 1008,  180,  90,   0,   0,   E,   0,    ,   0,   0,     INVEST, S,  0,    ,    0,    0,    0,    0, 
EP, 13, 2018080600,   , BEST,   0, 130N, 1205W,  25, 1006, LO,   0,    ,    0,    0,    0,    0, 1008,  180,  90,   0,   0,   E,   0,    ,   0,   0,     INVEST, S,  0,    ,    0,    0,    0,    0, 
EP, 13, 2018080606,   , BEST,   0, 136N, 1208W,  25, 1006, LO,   0,    ,    0,    0,    0,    0, 1008,  180,  70,   0,   0,   E,   0,    ,   0,   0,     INVEST, S,  0,    ,    0,    0,    0,    0, 
EP, 13, 2018080612,   , BEST,   0, 143N, 1217W,  25, 1006, LO,   0,    ,    0,    0,    0,    0, 1008,  180,  70,   0,   0,   E,   0,    ,   0,   0,     INVEST, S,  0,    ,    0,    0,    0,    0, 
EP, 13, 2018080618,   , BEST,   0, 148N, 1226W,  25, 1006, LO,   0,    ,    0,    0,    0,    0, 1008,  180,  70,   0,   0,   E,   0,    ,   0,   0,     INVEST, S,  0,    ,    0,    0,    0,    0, 
EP, 13, 2018080700,   , BEST,   0, 145N, 1235W,  35, 1004, TS,   0,    ,    0,    0,    0,    0, 1008,  180,  20,  40,   0,   E,   0,    ,   0,   0,   THIRTEEN, M,  0,    ,    0,    0,    0,    0, 
EP, 13, 2018080706,   , BEST,   0, 144N, 1245W,  45, 1000, TS,  34, NEQ,   30,   30,   20,   20, 1008,  150,  10,  55,   0,   E,   0,    ,   0,   0,     KRISTY, D, 12, NEQ,   30,    0,    0,   30, 
EP, 13, 2018080712,   , BEST,   0, 141N, 1256W,  45, 1000, TS,  34, NEQ,   30,   30,   20,   20, 1008,  150,  10,  55,   0,   E,   0,    ,   0,   0,     KRISTY, D, 12, NEQ,   30,   30,    0,    0, 
EP, 13, 2018080718,   , BEST,   0, 140N, 1266W,  45, 1000, TS,  34, NEQ,   40,   50,    0,   30, 1008,  150,  15,  55,   0,   E,   0,    ,   0,   0,     KRISTY, D, 12, NEQ,   90,   45,   30,   30, 
EP, 13, 2018080800,   , BEST,   0, 140N, 1274W,  40, 1002, TS,  34, NEQ,   50,   60,    0,   30, 1008,  140,  15,  55,   0,   E,   0,    ,   0,   0,     KRISTY, D, 12, NEQ,  120,   60,   30,   45, 
EP, 13, 2018080806,   , BEST,   0, 140N, 1282W,  40, 1002, TS,  34, NEQ,   40,   20,    0,    0, 1008,  140,  20,  50,   0,   E,   0,    ,   0,   0,     KRISTY, D, 12, NEQ,  120,   60,   30,   45, 
EP, 13, 2018080812,   , BEST,   0, 143N, 1289W,  40, 1002, TS,  34, NEQ,   40,   30,    0,    0, 1008,  140,  20,  50,   0,   E,   0,    ,   0,   0,     KRISTY, M, 12, NEQ,   90,   90,   30,   30, 
EP, 13, 2018080818,   , BEST,   0, 145N, 1294W,  40, 1002, TS,  34, NEQ,   40,   30,    0,    0, 1008,  140,  20,  50,   0,   E,   0,    ,   0,   0,     KRISTY, M, 12, NEQ,   75,   75,   30,   30, 
EP, 13, 2018080900,   , BEST,   0, 150N, 1299W,  45, 1000, TS,  34, NEQ,   40,   30,    0,    0, 1008,  140,  20,  50,   0,   E,   0,    ,   0,   0,     KRISTY, M, 12, NEQ,   75,   75,   30,   30, 
EP, 13, 2018080906,   , BEST,   0, 154N, 1301W,  45,  999, TS,  34, NEQ,   40,   30,    0,    0, 1008,  140,  20,  50,   0,   E,   0,    ,   0,   0,     KRISTY, M, 12, NEQ,   60,   60,   30,   30, 
EP, 13, 2018080912,   , BEST,   0, 159N, 1301W,  55,  994, TS,  34, NEQ,   40,   30,    0,   30, 1008,  180,  20,  60,   0,   E,   0,    ,   0,   0,     KRISTY, M, 12, NEQ,   60,   60,   30,   30, 
EP, 13, 2018080912,   , BEST,   0, 159N, 1301W,  55,  994, TS,  50, NEQ,   20,    0,    0,    0, 1008,  180,  20,  60,   0,   E,   0,    ,   0,   0,     KRISTY, M, 12, NEQ,   60,   60,   30,   30, 
EP, 13, 2018080918,   , BEST,   0, 165N, 1301W,  55,  994, TS,  34, NEQ,   60,   80,   30,   50, 1008,  150,  20,  65,   0,   E,   0,    ,   0,   0,     KRISTY, D, 12, NEQ,   90,   90,   30,   30, 
EP, 13, 2018080918,   , BEST,   0, 165N, 1301W,  55,  994, TS,  50, NEQ,   30,   50,    0,   20, 1008,  150,  20,  65,   0,   E,   0,    ,   0,   0,     KRISTY, D, 12, NEQ,   90,   90,   30,   30, 
EP, 13, 2018081000,   , BEST,   0, 171N, 1300W,  55,  994, TS,  34, NEQ,   60,   80,   30,   50, 1009,  175,  20,  65,   0,   E,   0,    ,   0,   0,     KRISTY, D, 12, NEQ,   90,  100,   75,   60, 
EP, 13, 2018081000,   , BEST,   0, 171N, 1300W,  55,  994, TS,  50, NEQ,   30,   50,    0,   20, 1009,  175,  20,  65,   0,   E,   0,    ,   0,   0,     KRISTY, D, 12, NEQ,   90,  100,   75,   60, 
EP, 13, 2018081006,   , BEST,   0, 178N, 1299W,  60,  991, TS,  34, NEQ,   60,   80,   30,   50, 1009,  175,  20,  75,   0,   E,   0,    ,   0,   0,     KRISTY, D, 12, NEQ,   90,  100,   75,   60, 
EP, 13, 2018081006,   , BEST,   0, 178N, 1299W,  60,  991, TS,  50, NEQ,   30,   50,    0,   20, 1009,  175,  20,  75,   0,   E,   0,    ,   0,   0,     KRISTY, D, 12, NEQ,   90,  100,   75,   60, 
EP, 13, 2018081012,   , BEST,   0, 186N, 1298W,  60,  991, TS,  34, NEQ,   60,   80,   30,   50, 1009,  175,  20,  75,   0,   E,   0,    ,   0,   0,     KRISTY, D, 12, NEQ,   90,  120,   75,   75, 
EP, 13, 2018081012,   , BEST,   0, 186N, 1298W,  60,  991, TS,  50, NEQ,   30,   50,    0,   20, 1009,  175,  20,  75,   0,   E,   0,    ,   0,   0,     KRISTY, D, 12, NEQ,   90,  120,   75,   75, 
EP, 13, 2018081018,   , BEST,   0, 193N, 1299W,  60,  991, TS,  34, NEQ,   60,   80,   30,   50, 1009,  175,  20,  75,   0,   E,   0,    ,   0,   0,     KRISTY, D,  0,    ,    0,    0,    0,    0, 
EP, 13, 2018081018,   , BEST,   0, 193N, 1299W,  60,  991, TS,  50, NEQ,   30,   50,    0,   20, 1009,  175,  20,  75,   0,   E,   0,    ,   0,   0,     KRISTY, D,  0,    ,    0,    0,    0,    0, 
EP, 13, 2018081100,   , BEST,   0, 202N, 1300W,  55,  995, TS,  34, NEQ,   60,   80,   30,   50, 1010,  190,  20,  65,   0,   E,   0,    ,   0,   0,     KRISTY, D, 12, NEQ,   90,  120,   75,   75, 
EP, 13, 2018081100,   , BEST,   0, 202N, 1300W,  55,  995, TS,  50, NEQ,   30,   50,    0,   20, 1010,  190,  20,  65,   0,   E,   0,    ,   0,   0,     KRISTY, D, 12, NEQ,   90,  120,   75,   75, 
EP, 13, 2018081106,   , BEST,   0, 209N, 1303W,  40,  999, TS,  34, NEQ,   50,   40,   20,   40, 1010,  190,  20,  50,   0,   E,   0,    ,   0,   0,     KRISTY, D, 12, NEQ,   90,   90,   30,   75, 
EP, 13, 2018081112,   , BEST,   0, 213N, 1308W,  30, 1003, TD,  34, NEQ,    0,    0,    0,    0, 1010,  190,  20,  40,   0,   E,   0,    ,   0,   0,     KRISTY, S,  0,    ,    0,    0,    0,    0, 
