EP, 18, 2017092006,   , BEST,   0, 152N,  973W,  15, 1009, DB,   0,    ,    0,    0,    0,    0,    0,    0,   0,   0,   0,    ,   0,    ,   0,   0, GENESIS028,  ,  0,    ,    0,    0,    0,    0, genesis-num, 028, 
EP, 18, 2017092012,   , BEST,   0, 157N,  985W,  15,    0, DB,   0,    ,    0,    0,    0,    0,    0,    0,   0,   0,   0,    ,   0,    ,   0,   0, GENESIS028,  ,  0,    ,    0,    0,    0,    0, genesis-num, 028, 
EP, 18, 2017092018,   , BEST,   0, 162N,  996W,  15,    0, DB,   0,    ,    0,    0,    0,    0,    0,    0,   0,   0,   0,    ,   0,    ,   0,   0, GENESIS028,  ,  0,    ,    0,    0,    0,    0, genesis-num, 028, 
EP, 18, 2017092100,   , BEST,   0, 165N, 1008W,  15, 1009, DB,   0,    ,    0,    0,    0,    0,    0,    0,   0,   0,   0,    ,   0,    ,   0,   0, GENESIS028,  ,  0,    ,    0,    0,    0,    0, genesis-num, 028, 
EP, 18, 2017092106,   , BEST,   0, 166N, 1017W,  20, 1009, DB,   0,    ,    0,    0,    0,    0,    0,    0,   0,   0,   0,    ,   0,    ,   0,   0, GENESIS028,  ,  0,    ,    0,    0,    0,    0, genesis-num, 028, SPAWNINVEST, ep712017 to ep982017, 
EP, 18, 2017092112,   , BEST,   0, 166N, 1026W,  20, 1008, LO,   0,    ,    0,    0,    0,    0, 1010,  120,  30,   0,   0,   E,   0,    ,   0,   0,     INVEST, S,  0,    ,    0,    0,    0,    0, genesis-num, 028, 
EP, 18, 2017092118,   , BEST,   0, 166N, 1030W,  20, 1008, LO,   0,    ,    0,    0,    0,    0, 1010,  120,  30,   0,   0,   E,   0,    ,   0,   0,     INVEST, S,  0,    ,    0,    0,    0,    0, genesis-num, 028, 
EP, 18, 2017092200,   , BEST,   0, 167N, 1033W,  25, 1008, LO,   0,    ,    0,    0,    0,    0, 1010,  120,  30,   0,   0,   E,   0,    ,   0,   0,     INVEST, S,  0,    ,    0,    0,    0,    0, genesis-num, 028, 
EP, 18, 2017092206,   , BEST,   0, 168N, 1036W,  25, 1007, LO,   0,    ,    0,    0,    0,    0, 1010,  120,  30,   0,   0,   E,   0,    ,   0,   0,     INVEST, S,  0,    ,    0,    0,    0,    0, genesis-num, 028, 
EP, 18, 2017092212,   , BEST,   0, 170N, 1038W,  25, 1007, LO,   0,    ,    0,    0,    0,    0, 1010,  120,  45,  35,   0,   E,   0,    ,   0,   0,     INVEST, S,  0,    ,    0,    0,    0,    0, genesis-num, 028, 
EP, 18, 2017092218,   , BEST,   0, 172N, 1040W,  25, 1007, LO,   0,    ,    0,    0,    0,    0, 1010,  120,  45,   0,   0,   E,   0,    ,   0,   0,     INVEST, S,  0,    ,    0,    0,    0,    0, genesis-num, 028, 
EP, 18, 2017092300,   , BEST,   0, 174N, 1042W,  25, 1007, LO,   0,    ,    0,    0,    0,    0, 1010,  120,  45,   0,   0,   E,   0,    ,   0,   0,     INVEST, S,  0,    ,    0,    0,    0,    0, genesis-num, 028, 
EP, 18, 2017092306,   , BEST,   0, 176N, 1046W,  25, 1007, LO,   0,    ,    0,    0,    0,    0, 1010,  120,  45,   0,   0,   E,   0,    ,   0,   0,     INVEST, S,  0,    ,    0,    0,    0,    0, genesis-num, 028, 
EP, 18, 2017092312,   , BEST,   0, 179N, 1049W,  25, 1006, LO,   0,    ,    0,    0,    0,    0, 1010,  120,  45,   0,   0,   E,   0,    ,   0,   0,     INVEST, M,  0,    ,    0,    0,    0,    0, genesis-num, 028, 
EP, 18, 2017092318,   , BEST,   0, 182N, 1052W,  30, 1005, TD,   0,    ,    0,    0,    0,    0, 1010,  120,  45,  40,   0,   E,   0,    ,   0,   0,   EIGHTEEN, M,  0,    ,    0,    0,    0,    0, genesis-num, 028, TRANSITIONED, epB82017 to ep182017, DISSIPATED, ep182017 to ep982017, TRANSITIONED, epC82017 to ep182017, 
EP, 18, 2017092400,   , BEST,   0, 185N, 1053W,  35, 1003, TS,  34, NEQ,   50,    0,    0,   70, 1010,  120,  45,  45,   0,   E,   0,    ,   0,   0,      PILAR, D,  0,    ,    0,    0,    0,    0, genesis-num, 028, 
EP, 18, 2017092406,   , BEST,   0, 191N, 1056W,  40, 1002, TS,  34, NEQ,   50,    0,    0,   70, 1010,  120,  45,  50,   0,   E,   0,    ,   0,   0,      PILAR, D,  0,    ,    0,    0,    0,    0, genesis-num, 028, 
EP, 18, 2017092412,   , BEST,   0, 198N, 1058W,  40, 1002, TS,  34, NEQ,   50,    0,    0,   70, 1008,  120,  45,  50,   0,   E,   0,    ,   0,   0,      PILAR, D, 12, NEQ,   60,   45,   45,   60, genesis-num, 028, 
EP, 18, 2017092418,   , BEST,   0, 207N, 1061W,  35, 1003, TS,  34, NEQ,   50,    0,    0,   50, 1007,  120,  40,  45,   0,   E,   0,    ,   0,   0,      PILAR, D, 12, NEQ,   30,   45,   45,   45, genesis-num, 028, 
EP, 18, 2017092500,   , BEST,   0, 214N, 1063W,  35, 1003, TS,  34, NEQ,   50,    0,    0,   50, 1007,  120,  40,  45,   0,   E,   0,    ,   0,   0,      PILAR, D,  0,    ,    0,    0,    0,    0, genesis-num, 028, 
EP, 18, 2017092506,   , BEST,   0, 220N, 1065W,  30, 1003, TD,   0,    ,    0,    0,    0,    0, 1007,  120,  40,  45,   0,   E,   0,    ,   0,   0,      PILAR, D,  0,    ,    0,    0,    0,    0, genesis-num, 028, 
EP, 18, 2017092512,   , BEST,   0, 228N, 1068W,  25, 1004, TD,   0,    ,    0,    0,    0,    0, 1007,  120,  40,  40,   0,   E,   0,    ,   0,   0,      PILAR, M,  0,    ,    0,    0,    0,    0, genesis-num, 028, 
EP, 18, 2017092518,   , BEST,   0, 235N, 1070W,  20, 1005, DB,   0,    ,    0,    0,    0,    0, 1008,  120,  40,  30,   0,   E,   0,    ,   0,   0,      PILAR, S,  0,    ,    0,    0,    0,    0, genesis-num, 028, 
