EP, 95, 2018092300,   , BEST,   0, 127N,  985W,  20,    0, DB,   0,    ,    0,    0,    0,    0, 
EP, 95, 2018092306,   , BEST,   0, 130N,  993W,  20,    0, DB,   0,    ,    0,    0,    0,    0,    0,    0,   0,   0,   0,    ,   0,    ,   0,   0, GENESIS034,  ,  0,    ,    0,    0,    0,    0, genesis-num, 034, 
EP, 95, 2018092312,   , BEST,   0, 131N, 1001W,  25,    0, DB,   0,    ,    0,    0,    0,    0,    0,    0,   0,   0,   0,    ,   0,    ,   0,   0, GENESIS034,  ,  0,    ,    0,    0,    0,    0, genesis-num, 034, 
EP, 95, 2018092318,   , BEST,   0, 132N, 1010W,  25,    0, DB,   0,    ,    0,    0,    0,    0,    0,    0,   0,   0,   0,    ,   0,    ,   0,   0, GENESIS034,  ,  0,    ,    0,    0,    0,    0, genesis-num, 034, 
EP, 95, 2018092400,   , BEST,   0, 133N, 1021W,  25, 1009, DB,   0,    ,    0,    0,    0,    0, 1010,  150,  50,   0,   0,   E,   0,    ,   0,   0,     INVEST, M,  0,    ,    0,    0,    0,    0, genesis-num, 034, SPAWNINVEST, ep782018 to ep952018, 
EP, 95, 2018092406,   , BEST,   0, 135N, 1033W,  25, 1009, DB,   0,    ,    0,    0,    0,    0, 1010,  150,  50,   0,   0,   E,   0,    ,   0,   0,     INVEST, M,  0,    ,    0,    0,    0,    0, genesis-num, 034, 
EP, 95, 2018092412,   , BEST,   0, 138N, 1044W,  25, 1009, DB,   0,    ,    0,    0,    0,    0, 1010,  150,  50,   0,   0,   E,   0,    ,   0,   0,     INVEST, M,  0,    ,    0,    0,    0,    0, genesis-num, 034, 
EP, 95, 2018092418,   , BEST,   0, 141N, 1054W,  25, 1008, DB,   0,    ,    0,    0,    0,    0, 1010,  150,  50,   0,   0,   E,   0,    ,   0,   0,     INVEST, M,  0,    ,    0,    0,    0,    0, genesis-num, 034, 
EP, 95, 2018092500,   , BEST,   0, 143N, 1062W,  25, 1008, DB,   0,    ,    0,    0,    0,    0, 1010,  150,  50,  35,   0,   E,   0,    ,   0,   0,     INVEST, M,  0,    ,    0,    0,    0,    0, genesis-num, 034, 
EP, 95, 2018092506,   , BEST,   0, 144N, 1069W,  30, 1006, DB,  34, NEQ,    0,    0,    0,    0, 1008,  120,  60,   0,   0,   E,   0,    ,   0,   0,     INVEST, M,  0,    ,    0,    0,    0,    0, genesis-num, 034, 
