EP, 94, 2014103100,   , BEST,   0, 123N, 1197W,  20, 1009, DB,   0,    ,    0,    0,    0,    0, 1011,  150,  60,   0,   0, 
EP, 94, 2014103106,   , BEST,   0, 123N, 1202W,  20, 1009, DB,   0,    ,    0,    0,    0,    0, 1011,  150,  60,   0,   0, 
EP, 94, 2014103112,   , BEST,   0, 123N, 1208W,  20, 1009, DB,   0,    ,    0,    0,    0,    0, 1011,  150,  60,   0,   0, 
EP, 94, 2014103118,   , BEST,   0, 123N, 1217W,  20, 1009, DB,   0,    ,    0,    0,    0,    0, 1011,  150,  60,   0,   0, 
EP, 94, 2014110100,   , BEST,   0, 120N, 1227W,  20, 1009, DB,   0,    ,    0,    0,    0,    0, 1011,  150,  60,   0,   0,   E,   0,    ,   0,   0,     INVEST, S, 
EP, 94, 2014110106,   , BEST,   0, 116N, 1235W,  20, 1009, DB,   0,    ,    0,    0,    0,    0, 1011,  150,  60,   0,   0,   E,   0,    ,   0,   0,     INVEST, S, 
EP, 94, 2014110112,   , BEST,   0, 117N, 1240W,  20, 1009, DB,   0,    ,    0,    0,    0,    0, 1011,  150,  60,   0,   0,   E,   0,    ,   0,   0,     INVEST, S, 
EP, 94, 2014110118,   , BEST,   0, 118N, 1244W,  20, 1009, DB,   0,    ,    0,    0,    0,    0, 1011,  150,  60,   0,   0,   E,   0,    ,   0,   0,     INVEST, S, 
EP, 94, 2014110200,   , BEST,   0, 118N, 1250W,  20, 1009, DB,   0,    ,    0,    0,    0,    0, 1011,  150,  60,   0,   0,   E,   0,    ,   0,   0,     INVEST, S, 
EP, 94, 2014110206,   , BEST,   0, 116N, 1258W,  20, 1009, DB,   0,    ,    0,    0,    0,    0, 1011,  150,  60,   0,   0,   E,   0,    ,   0,   0,     INVEST, S, 
EP, 94, 2014110212,   , BEST,   0, 115N, 1266W,  25, 1008, DB,   0,    ,    0,    0,    0,    0, 1011,  150,  60,   0,   0,   E,   0,    ,   0,   0,     INVEST, S, 
EP, 94, 2014110218,   , BEST,   0, 114N, 1273W,  25, 1008, DB,   0,    ,    0,    0,    0,    0, 1011,  150,  60,   0,   0,   E,   0,    ,   0,   0,     INVEST, S, 
EP, 94, 2014110300,   , BEST,   0, 113N, 1280W,  25, 1008, DB,  34, NEQ,    0,    0,    0,    0, 1011,  150,  60,   0,   0,   E,   0,    ,   0,   0,     INVEST, S, 
