SH, 05, 2015120606,   , BEST,   0,  66S,  848E,  20, 1007, DB,   0,    ,    0,    0,    0,    0, 1008,  160,  50,   0,   0,    ,   0,    ,   0,   0,     INVEST,  , 
SH, 05, 2015120612,   , BEST,   0,  70S,  836E,  20, 1007, DB,   0,    ,    0,    0,    0,    0, 1008,  160,  50,   0,   0,    ,   0,    ,   0,   0,     INVEST,  , 
SH, 05, 2015120618,   , BEST,   0,  73S,  824E,  20, 1006, DB,   0,    ,    0,    0,    0,    0, 1008,  160,  50,   0,   0,    ,   0,    ,   0,   0,     INVEST,  , 
SH, 05, 2015120700,   , BEST,   0,  76S,  812E,  20, 1006, DB,   0,    ,    0,    0,    0,    0, 1008,  160,  50,   0,   0,   S,   0,    ,   0,   0,     INVEST, S, 
SH, 05, 2015120706,   , BEST,   0,  81S,  796E,  20, 1006, DB,   0,    ,    0,    0,    0,    0, 1008,  160,  50,   0,   0,    ,   0,    ,   0,   0,     INVEST,  , 
SH, 05, 2015120712,   , BEST,   0,  85S,  784E,  20, 1006, DB,   0,    ,    0,    0,    0,    0, 1008,  160,  50,   0,   0,    ,   0,    ,   0,   0,     INVEST,  , 
SH, 05, 2015120718,   , BEST,   0,  90S,  769E,  20, 1007, DB,   0,    ,    0,    0,    0,    0, 1008,  160,  50,   0,   0,    ,   0,    ,   0,   0,     INVEST,  , 
SH, 05, 2015120800,   , BEST,   0,  94S,  758E,  20, 1006, DB,   0,    ,    0,    0,    0,    0, 1008,  180,  50,   0,   0,    ,   0,    ,   0,   0,     INVEST,  , 
SH, 05, 2015120806,   , BEST,   0,  98S,  747E,  20, 1007, DB,   0,    ,    0,    0,    0,    0, 1008,  180,  50,   0,   0,   S,   0,    ,   0,   0,     INVEST, S, 
SH, 05, 2015120812,   , BEST,   0, 102S,  739E,  20, 1007, DB,   0,    ,    0,    0,    0,    0, 1008,  180,  50,   0,   0,   S,   0,    ,   0,   0,     INVEST, S, 
SH, 05, 2015120818,   , BEST,   0, 105S,  732E,  25, 1004, TD,   0,    ,    0,    0,    0,    0, 1008,  180,  50,   0,   0,   S,   0,    ,   0,   0,     INVEST, S, 
SH, 05, 2015120900,   , BEST,   0, 111S,  727E,  25, 1002, TD,   0,    ,    0,    0,    0,    0, 1008,  205,  50,   0,   0,   S,   0,    ,   0,   0,     INVEST, S, 
SH, 05, 2015120906,   , BEST,   0, 118S,  723E,  25, 1004, TD,   0,    ,    0,    0,    0,    0, 1008,  205,  50,   0,   0,   S,   0,    ,   0,   0,     INVEST, S, 
SH, 05, 2015120912,   , BEST,   0, 131S,  720E,  25, 1004, TD,   0,    ,    0,    0,    0,    0, 1008,  205,  50,   0,   0,   S,   0,    ,   0,   0,     INVEST, S, 
SH, 05, 2015120918,   , BEST,   0, 137S,  716E,  25, 1001, TD,   0,    ,    0,    0,    0,    0, 1008,  220,  45,   0,   0,   S,   0,    ,   0,   0,     INVEST, S, 
SH, 05, 2015121000,   , BEST,   0, 140S,  708E,  30,  999, TD,   0,    ,    0,    0,    0,    0, 1008,  220,  45,   0,   0,   S,   0,    ,   0,   0,     INVEST, M, 
SH, 05, 2015121006,   , BEST,   0, 144S,  701E,  35,  996, TS,   0,    ,    0,    0,    0,    0, 1008,  220,  45,   0,   0,   S,   0,    ,   0,   0,       FIVE, M,  0,    ,    0,    0,    0,    0, TRANSITIONED, shA72016 to sh052016, 
SH, 05, 2015121012,   , BEST,   0, 148S,  697E,  40,  993, TS,  34, NEQ,   55,   65,   60,   55, 1008,  220,  45,   0,   0,   S,   0,    ,   0,   0,       FIVE, M, 
SH, 05, 2015121018,   , BEST,   0, 153S,  695E,  40,  993, TS,  34, NEQ,   55,   70,   65,   60, 1009,  220,  40,   0,   0,   S,   0,    ,   0,   0,       FIVE, M, 
SH, 05, 2015121100,   , BEST,   0, 159S,  695E,  40,  993, TS,  34, NEQ,   55,   70,   65,   60, 1009,  220,  40,   0,   0,   S,   0,    ,   0,   0,       FIVE, M, 
SH, 05, 2015121106,   , BEST,   0, 165S,  693E,  40,  993, TS,  34, NEQ,   55,   70,   65,   60, 1009,  220,  40,   0,   0,   S,   0,    ,   0,   0,     BOHALE, M, 
SH, 05, 2015121112,   , BEST,   0, 170S,  686E,  35,  996, TS,  34, NEQ,   55,   70,   65,   60, 1009,  150,  40,   0,   0,   S,   0,    ,   0,   0,     BOHALE, S, 
SH, 05, 2015121118,   , BEST,   0, 173S,  680E,  35,  996, TS,  34, NEQ,   55,   70,   65,   60, 1009,  150,  40,   0,   0,   S,   0,    ,   0,   0,     BOHALE, M, 
SH, 05, 2015121200,   , BEST,   0, 179S,  677E,  30, 1000, TD,   0,    ,    0,    0,    0,    0, 1009,  150,  40,   0,   0,   S,   0,    ,   0,   0,     BOHALE, M, 
SH, 05, 2015121206,   , BEST,   0, 189S,  677E,  35,  996, TS,   0,    ,    0,    0,    0,    0, 1009,  150,  40,   0,   0,   S,   0,    ,   0,   0,     BOHALE, S, 
SH, 05, 2015121212,   , BEST,   0, 197S,  676E,  30, 1000, TD,   0,    ,    0,    0,    0,    0, 1009,  150,  40,   0,   0,    ,   0,    ,   0,   0,     BOHALE,  , 
SH, 05, 2015121218,   , BEST,   0, 205S,  675E,  30, 1000, TD,   0,    ,    0,    0,    0,    0, 1007,  170,  40,   0,   0,    ,   0,    ,   0,   0,     BOHALE,  , 
SH, 05, 2015121300,   , BEST,   0, 216S,  670E,  30, 1000, TD,   0,    ,    0,    0,    0,    0, 1006,  170,  40,   0,   0,    ,   0,    ,   0,   0,     BOHALE,  , 
SH, 05, 2015121306,   , BEST,   0, 222S,  668E,  25, 1004, TD,   0,    ,    0,    0,    0,    0, 1006,  170,  40,   0,   0,    ,   0,    ,   0,   0,     BOHALE,  , 
SH, 05, 2015121312,   , BEST,   0, 235S,  662E,  25, 1004, TD,   0,    ,    0,    0,    0,    0, 1006,  170,  40,   0,   0,    ,   0,    ,   0,   0,     BOHALE,  , 
SH, 05, 2015121318,   , BEST,   0, 241S,  658E,  25, 1004, TD,   0,    ,    0,    0,    0,    0, 1006,  170,  40,   0,   0,    ,   0,    ,   0,   0,     BOHALE,  , 
SH, 05, 2015121400,   , BEST,   0, 248S,  655E,  20, 1005, DB,   0,    ,    0,    0,    0,    0, 1009,  165,  40,   0,   0,    ,   0,    ,   0,   0,     BOHALE,  , 
SH, 05, 2015121406,   , BEST,   0, 259S,  653E,  20, 1007, DB,   0,    ,    0,    0,    0,    0, 1009,  165,  40,   0,   0,    ,   0,    ,   0,   0,     BOHALE,  , 
SH, 05, 2015121412,   , BEST,   0, 265S,  654E,  20, 1007, DB,   0,    ,    0,    0,    0,    0, 1009,  165,  40,   0,   0,    ,   0,    ,   0,   0,     BOHALE,  , 
SH, 05, 2015121418,   , BEST,   0, 270S,  656E,  20, 1007, DB,   0,    ,    0,    0,    0,    0, 1009,  165,  40,   0,   0,    ,   0,    ,   0,   0,     BOHALE,  , 
SH, 05, 2015121500,   , BEST,   0, 272S,  654E,  20, 1007, DB,   0,    ,    0,    0,    0,    0, 1008,  175,  40,   0,   0,    ,   0,    ,   0,   0,     BOHALE,  , 
SH, 05, 2015121506,   , BEST,   0, 274S,  654E,  20, 1007, DB,   0,    ,    0,    0,    0,    0, 1008,  175,  40,   0,   0,    ,   0,    ,   0,   0,     BOHALE,  , 
SH, 05, 2015121512,   , BEST,   0, 277S,  653E,  20, 1007, DB,   0,    ,    0,    0,    0,    0, 1008,  175,  40,   0,   0,    ,   0,    ,   0,   0,     BOHALE,  , 
SH, 05, 2015121518,   , BEST,   0, 281S,  654E,  20, 1007, DB,   0,    ,    0,    0,    0,    0, 1008,  175,  40,   0,   0,    ,   0,    ,   0,   0,     BOHALE,  , 
SH, 05, 2015121600,   , BEST,   0, 286S,  659E,  20, 1007, DB,   0,    ,    0,    0,    0,    0, 1008,  175,  40,   0,   0,    ,   0,    ,   0,   0,     BOHALE,  , 
SH, 05, 2015121606,   , BEST,   0, 296S,  665E,  20, 1007, DB,   0,    ,    0,    0,    0,    0, 1008,  175,  40,   0,   0,    ,   0,    ,   0,   0,     BOHALE,  , 
SH, 05, 2015121612,   , BEST,   0, 304S,  678E,  20, 1007, DB,   0,    ,    0,    0,    0,    0, 1008,  175,  40,   0,   0,    ,   0,    ,   0,   0,     BOHALE,  , 
SH, 05, 2015121618,   , BEST,   0, 310S,  693E,  20, 1007, DB,   0,    ,    0,    0,    0,    0, 1008,  175,  40,   0,   0,    ,   0,    ,   0,   0,     BOHALE,  , 
SH, 05, 2015121700,   , BEST,   0, 314S,  712E,  20, 1007, DB,   0,    ,    0,    0,    0,    0, 1008,  175,  40,   0,   0,    ,   0,    ,   0,   0,     BOHALE,  , 
