SH, 02, 2018092412,   , BEST,   0,  70S, 1539E,  25, 1005, TD,   0,    ,    0,    0,    0,    0, 1007,  175,  55,   0,   0,   P,   0,    ,   0,   0,     INVEST, S, 
SH, 02, 2018092418,   , BEST,   0,  78S, 1553E,  25, 1005, TD,   0,    ,    0,    0,    0,    0, 1008,  120,  35,   0,   0,    ,   0,    ,   0,   0,     INVEST,  , 
SH, 02, 2018092500,   , BEST,   0,  80S, 1557E,  25, 1005, TD,   0,    ,    0,    0,    0,    0, 1007,  120,  35,   0,   0,   P,   0,    ,   0,   0,     INVEST, S, 
SH, 02, 2018092506,   , BEST,   0,  83S, 1563E,  25, 1003, TD,   0,    ,    0,    0,    0,    0, 1006,  180,  45,   0,   0,   P,   0,    ,   0,   0,     INVEST, S, 
SH, 02, 2018092512,   , BEST,   0,  86S, 1570E,  25, 1005, TD,   0,    ,    0,    0,    0,    0, 1007,  135,  45,   0,   0,   P,   0,    ,   0,   0,     INVEST, S, 
SH, 02, 2018092518,   , BEST,   0,  89S, 1576E,  25, 1005, TD,   0,    ,    0,    0,    0,    0, 1007,  135,  45,   0,   0,   P,   0,    ,   0,   0,     INVEST, S, 
SH, 02, 2018092600,   , BEST,   0,  92S, 1584E,  30, 1003, TD,   0,    ,    0,    0,    0,    0, 1006,  170,  45,   0,   0,   P,   0,    ,   0,   0,     INVEST, S, 
SH, 02, 2018092606,   , BEST,   0,  97S, 1589E,  30, 1002, TD,   0,    ,    0,    0,    0,    0, 1006,  170,  45,   0,   0,   P,   0,    ,   0,   0,     INVEST, S, 
SH, 02, 2018092612,   , BEST,   0, 102S, 1600E,  30, 1002, TD,   0,    ,    0,    0,    0,    0, 1006,  170,  45,   0,   0,   P,   0,    ,   0,   0,     INVEST, S, 
SH, 02, 2018092618,   , BEST,   0, 107S, 1611E,  35,  996, TS,  34, NEQ,   55,   55,   55,   65, 1008,  270,  35,   0,   0,   P,   0,    ,   0,   0,        TWO, S,  0,    ,    0,    0,    0,    0, TRANSITIONED, shB12019 to sh022019, 
SH, 02, 2018092700,   , BEST,   0, 111S, 1622E,  35,  996, TS,  34, NEQ,   70,   60,   35,   30, 1008,  200,  35,   0,   0,   P,   0,    ,   0,   0,       LIUA, S, 
SH, 02, 2018092706,   , BEST,   0, 118S, 1627E,  35, 1001, TS,  34, NEQ,   70,   75,   40,   30, 1006,  185,  35,   0,   0,   P,   0,    ,   0,   0,       LIUA, M, 
SH, 02, 2018092712,   , BEST,   0, 121S, 1626E,  35, 1001, TS,  34, NEQ,   70,   90,   70,   60, 1006,  185,  35,   0,   0,   P,   0,    ,   0,   0,       LIUA, M, 
SH, 02, 2018092718,   , BEST,   0, 122S, 1621E,  40,  990, TS,  34, NEQ,   50,   50,   50,   40, 1006,  185,  35,   0,   0,   P,   0,    ,   0,   0,       LIUA, M, 
SH, 02, 2018092800,   , BEST,   0, 122S, 1615E,  40,  999, TS,  34, NEQ,   80,  105,   55,   35, 1007,  185,  45,   0,   0,   P,   0,    ,   0,   0,       LIUA, M, 
SH, 02, 2018092806,   , BEST,   0, 120S, 1611E,  35, 1002, TS,  34, NEQ,   40,   75,   60,   45, 1007,  175,  45,   0,   0,   P,   0,    ,   0,   0,       LIUA, M, 
SH, 02, 2018092812,   , BEST,   0, 122S, 1607E,  40,  993, TS,  34, NEQ,  255,  110,   60,   50, 1010,  160,  45,   0,   0,    ,   0,    ,   0,   0,       LIUA,  , 
SH, 02, 2018092818,   , BEST,   0, 127S, 1598E,  30, 1000, TD,   0,    ,    0,    0,    0,    0, 1010,  160,  45,   0,   0,   P,   0,    ,   0,   0,       LIUA, M, 
SH, 02, 2018092900,   , BEST,   0, 126S, 1591E,  30, 1000, TD,   0,    ,    0,    0,    0,    0, 1010,  160,  35,   0,   0,   P,   0,    ,   0,   0,       LIUA, M, 
SH, 02, 2018092906,   , BEST,   0, 125S, 1580E,  30, 1000, TD,   0,    ,    0,    0,    0,    0, 1008,  120,  35,   0,   0,   P,   0,    ,   0,   0,       LIUA, M, 
SH, 02, 2018092912,   , BEST,   0, 122S, 1570E,  30, 1006, TD,   0,    ,    0,    0,    0,    0, 1010,  120,  35,   0,   0,   P,   0,    ,   0,   0,       LIUA, M, 
SH, 02, 2018092918,   , BEST,   0, 117S, 1564E,  25, 1007, TD,   0,    ,    0,    0,    0,    0, 1010,  110,  35,   0,   0,    ,   0,    ,   0,   0,       LIUA,  , 
SH, 02, 2018093000,   , BEST,   0, 116S, 1555E,  25, 1006, TD,   0,    ,    0,    0,    0,    0, 1009,  120,  30,   0,   0,    ,   0,    ,   0,   0,       LIUA,  , 
SH, 02, 2018093006,   , BEST,   0, 117S, 1541E,  25, 1006, TD,   0,    ,    0,    0,    0,    0, 1010,  135,  30,   0,   0,    ,   0,    ,   0,   0,       LIUA,  , 
SH, 02, 2018093012,   , BEST,   0, 118S, 1534E,  25, 1007, TD,   0,    ,    0,    0,    0,    0, 1011,   75,  30,   0,   0,    ,   0,    ,   0,   0,       LIUA,  , 
SH, 02, 2018093018,   , BEST,   0, 110S, 1527E,  25, 1004, TD,   0,    ,    0,    0,    0,    0, 1011,   75,  30,   0,   0,    ,   0,    ,   0,   0,       LIUA,  , 
SH, 02, 2018100100,   , BEST,   0, 102S, 1521E,  20, 1008, DB,   0,    ,    0,    0,    0,    0, 1010,  100,  30,   0,   0,    ,   0,    ,   0,   0,       LIUA,  , 
SH, 02, 2018100106,   , BEST,   0,  97S, 1516E,  20, 1008, DB,   0,    ,    0,    0,    0,    0,    0,  100,  30,   0,   0,    ,   0,    ,   0,   0,       LIUA,  , 
