SH, 01, 2016070818,   , BEST,   0,  29S,  891E,  15, 1010, DB,   0,    ,    0,    0,    0,    0,    0,    0,   0,   0,   0,    ,   0,    ,   0,   0,     INVEST,  , 
SH, 01, 2016070900,   , BEST,   0,  29S,  880E,  15, 1010, DB,   0,    ,    0,    0,    0,    0,    0,    0,   0,   0,   0,    ,   0,    ,   0,   0,     INVEST,  , 
SH, 01, 2016070906,   , BEST,   0,  29S,  873E,  15, 1010, DB,   0,    ,    0,    0,    0,    0,    0,    0,   0,   0,   0,    ,   0,    ,   0,   0,     INVEST,  , 
SH, 01, 2016070912,   , BEST,   0,  32S,  863E,  15, 1010, DB,   0,    ,    0,    0,    0,    0,    0,    0,   0,   0,   0,    ,   0,    ,   0,   0,     INVEST,  , 
SH, 01, 2016070918,   , BEST,   0,  39S,  852E,  15, 1009, DB,   0,    ,    0,    0,    0,    0,    0,    0,   0,   0,   0,    ,   0,    ,   0,   0,     INVEST,  , 
SH, 01, 2016071000,   , BEST,   0,  41S,  844E,  15, 1010, DB,   0,    ,    0,    0,    0,    0,    0,    0,   0,   0,   0,    ,   0,    ,   0,   0,     INVEST,  , 
SH, 01, 2016071006,   , BEST,   0,  42S,  835E,  15, 1009, DB,   0,    ,    0,    0,    0,    0,    0,    0,   0,   0,   0,    ,   0,    ,   0,   0,     INVEST,  , 
SH, 01, 2016071012,   , BEST,   0,  44S,  822E,  15, 1010, DB,   0,    ,    0,    0,    0,    0,    0,    0,   0,   0,   0,    ,   0,    ,   0,   0,     INVEST,  , 
SH, 01, 2016071018,   , BEST,   0,  46S,  808E,  15, 1010, DB,   0,    ,    0,    0,    0,    0,    0,    0,   0,   0,   0,    ,   0,    ,   0,   0,     INVEST,  , 
SH, 01, 2016071100,   , BEST,   0,  46S,  796E,  20, 1007, DB,   0,    ,    0,    0,    0,    0, 1008,  175,   0,   0,   0,    ,   0,    ,   0,   0,     INVEST,  , 
SH, 01, 2016071106,   , BEST,   0,  47S,  790E,  20, 1007, DB,   0,    ,    0,    0,    0,    0, 1008,  175,   0,   0,   0,    ,   0,    ,   0,   0,     INVEST,  , 
SH, 01, 2016071112,   , BEST,   0,  49S,  785E,  20, 1007, DB,   0,    ,    0,    0,    0,    0, 1008,  175,   0,   0,   0,    ,   0,    ,   0,   0,     INVEST,  , 
SH, 01, 2016071118,   , BEST,   0,  52S,  780E,  20, 1007, DB,   0,    ,    0,    0,    0,    0, 1008,  175,   0,   0,   0,    ,   0,    ,   0,   0,     INVEST,  , 
SH, 01, 2016071200,   , BEST,   0,  56S,  774E,  20, 1007, DB,   0,    ,    0,    0,    0,    0, 1008,  175,   0,   0,   0,    ,   0,    ,   0,   0,     INVEST,  , 
SH, 01, 2016071206,   , BEST,   0,  60S,  769E,  20, 1007, DB,   0,    ,    0,    0,    0,    0, 1008,  190,   0,   0,   0,    ,   0,    ,   0,   0,     INVEST,  , 
SH, 01, 2016071212,   , BEST,   0,  65S,  764E,  20, 1007, DB,   0,    ,    0,    0,    0,    0, 1008,  190,   0,   0,   0,    ,   0,    ,   0,   0,     INVEST,  , 
SH, 01, 2016071218,   , BEST,   0,  72S,  757E,  20, 1007, DB,   0,    ,    0,    0,    0,    0, 1008,  190,   0,   0,   0,    ,   0,    ,   0,   0,     INVEST,  , 
SH, 01, 2016071300,   , BEST,   0,  75S,  750E,  20, 1007, DB,   0,    ,    0,    0,    0,    0, 1008,  190,   0,   0,   0,    ,   0,    ,   0,   0,     INVEST,  , 
SH, 01, 2016071306,   , BEST,   0,  78S,  741E,  25, 1005, TD,   0,    ,    0,    0,    0,    0, 1008,  190,  40,   0,   0,   S,   0,    ,   0,   0,     INVEST, S, 
SH, 01, 2016071312,   , BEST,   0,  81S,  730E,  25, 1005, TD,   0,    ,    0,    0,    0,    0, 1009,  200,  40,   0,   0,   S,   0,    ,   0,   0,     INVEST, S, 
SH, 01, 2016071318,   , BEST,   0,  82S,  720E,  25, 1004, TD,   0,    ,    0,    0,    0,    0, 1009,  220,  50,   0,   0,   S,   0,    ,   0,   0,     INVEST, S, 
SH, 01, 2016071400,   , BEST,   0,  84S,  713E,  25, 1004, TD,   0,    ,    0,    0,    0,    0, 1008,  220,  50,   0,   0,   S,   0,    ,   0,   0,     INVEST, S, 
SH, 01, 2016071406,   , BEST,   0,  85S,  707E,  25, 1004, TD,   0,    ,    0,    0,    0,    0, 1008,  220,  50,   0,   0,   S,   0,    ,   0,   0,     INVEST, S, 
SH, 01, 2016071412,   , BEST,   0,  86S,  701E,  25, 1004, TD,   0,    ,    0,    0,    0,    0, 1007,  220,  50,   0,   0,   S,   0,    ,   0,   0,     INVEST, S, 
SH, 01, 2016071418,   , BEST,   0,  88S,  696E,  25, 1004, TD,   0,    ,    0,    0,    0,    0, 1007,  220,  50,   0,   0,   S,   0,    ,   0,   0,     INVEST, S, 
SH, 01, 2016071500,   , BEST,   0,  90S,  690E,  25, 1004, TD,   0,    ,    0,    0,    0,    0, 1007,  220,  50,   0,   0,   S,   0,    ,   0,   0,     INVEST, S, 
SH, 01, 2016071506,   , BEST,   0,  90S,  684E,  25, 1004, TD,   0,    ,    0,    0,    0,    0, 1008,  210,  45,   0,   0,    ,   0,    ,   0,   0,     INVEST,  , 
SH, 01, 2016071512,   , BEST,   0,  85S,  690E,  25, 1004, TD,   0,    ,    0,    0,    0,    0, 1007,  200,  45,   0,   0,   S,   0,    ,   0,   0,     INVEST, S, 
SH, 01, 2016071518,   , BEST,   0,  86S,  694E,  30, 1000, TD,   0,    ,    0,    0,    0,    0, 1010,  230,  55,   0,   0,   S,   0,    ,   0,   0,     INVEST, S, 
SH, 01, 2016071600,   , BEST,   0,  87S,  697E,  30, 1000, TD,   0,    ,    0,    0,    0,    0, 1008,  200,  55,   0,   0,   S,   0,    ,   0,   0,     INVEST, S, 
SH, 01, 2016071606,   , BEST,   0,  90S,  698E,  35,  996, TS,   0,    ,    0,    0,    0,    0, 1009,  190,  50,   0,   0,   S,   0,    ,   0,   0,        ONE, M,  0,    ,    0,    0,    0,    0, TRANSITIONED, shA02017 to sh012017, 
SH, 01, 2016071609,   , BEST,   0,  94S,  694E,  35,  996, TS,   0,    ,    0,    0,    0,    0, 1009,  190,  50,   0,   0,    ,   0,    ,   0,   0,        ONE,  , 
SH, 01, 2016071612,   , BEST,   0,  96S,  689E,  35,  996, TS,   0,    ,    0,    0,    0,    0, 1009,  180,  50,   0,   0,   S,   0,    ,   0,   0,        ONE, M,  0,    ,    0,    0,    0,    0, DISSIPATED, sh012017 to sh902017, TRANSITIONED, shB02017 to sh012017, 
SH, 01, 2016071618,   , BEST,   0, 100S,  679E,  40,  993, TS,  34, NEQ,   40,  100,  100,   40, 1010,  165,  60,   0,   0,   S,   0,    ,   0,   0,        ONE, M, 
SH, 01, 2016071700,   , BEST,   0, 107S,  669E,  40,  993, TS,  34, NEQ,   40,  100,  100,   40, 1010,  165,  60,   0,   0,   S,   0,    ,   0,   0,        ONE, M, 
SH, 01, 2016071706,   , BEST,   0, 113S,  659E,  40,  993, TS,  34, NEQ,   60,  115,  100,   75, 1010,  175,  50,   0,   0,   S,   0,    ,   0,   0,        ONE, M, 
SH, 01, 2016071712,   , BEST,   0, 119S,  644E,  45,  989, TS,  34, NEQ,   65,  125,  110,   75, 1012,  175,  35,   0,   0,   S,   0,    ,   0,   0,        ONE, M, 
SH, 01, 2016071718,   , BEST,   0, 125S,  630E,  45,  989, TS,  34, NEQ,   65,  125,  110,   75, 1012,  165,  35,   0,   0,   S,   0,    ,   0,   0,      ABELA, M, 
SH, 01, 2016071800,   , BEST,   0, 130S,  618E,  45,  989, TS,  34, NEQ,   65,  125,  110,   75, 1011,  160,  35,   0,   0,   S,   0,    ,   0,   0,      ABELA, M, 
SH, 01, 2016071806,   , BEST,   0, 134S,  604E,  50,  985, TS,  34, NEQ,   65,  125,  110,   75, 1011,  180,  25,   0,   0,   S,   0,    ,   0,   0,      ABELA, M, 
SH, 01, 2016071812,   , BEST,   0, 142S,  593E,  55,  982, TS,  34, NEQ,   75,  125,  110,   75, 1011,  180,  20,   0,   0,   S,   0,    ,   0,   0,      ABELA, M, 
SH, 01, 2016071812,   , BEST,   0, 142S,  593E,  55,  982, TS,  50, NEQ,   25,   30,   30,   25, 1011,  180,  20,   0,   0,   S,   0,    ,   0,   0,      ABELA, M, 
SH, 01, 2016071818,   , BEST,   0, 148S,  582E,  50,  985, TS,  34, NEQ,   75,  125,  110,   75, 1012,  145,  20,   0,   0,   S,   0,    ,   0,   0,      ABELA, M, 
SH, 01, 2016071900,   , BEST,   0, 148S,  570E,  45,  989, TS,  34, NEQ,   50,  115,  100,   25, 1013,  155,  20,   0,   0,   S,   0,    ,   0,   0,      ABELA, M, 
SH, 01, 2016071906,   , BEST,   0, 146S,  553E,  35, 1003, TS,  34, NEQ,   50,  115,  100,   25, 1013,  130,  20,   0,   0,   S,   0,    ,   0,   0,      ABELA, M, 
SH, 01, 2016071912,   , BEST,   0, 146S,  545E,  35, 1003, TS,  34, NEQ,   50,  115,  100,   25, 1013,  110,  20,   0,   0,   S,   0,    ,   0,   0,      ABELA, S, 
SH, 01, 2016071918,   , BEST,   0, 146S,  536E,  30, 1000, TD,   0,    ,    0,    0,    0,    0, 1013,  110,  20,   0,   0,   S,   0,    ,   0,   0,      ABELA, S, 
SH, 01, 2016072000,   , BEST,   0, 147S,  522E,  25, 1004, TD,   0,    ,    0,    0,    0,    0, 1013,  110,  20,   0,   0,    ,   0,    ,   0,   0,      ABELA,  , 
SH, 01, 2016072006,   , BEST,   0, 150S,  513E,  25, 1004, TD,   0,    ,    0,    0,    0,    0, 1013,  110,  20,   0,   0,    ,   0,    ,   0,   0,      ABELA,  , 
SH, 01, 2016072012,   , BEST,   0, 153S,  504E,  25, 1004, TD,   0,    ,    0,    0,    0,    0, 1013,  110,  20,   0,   0,    ,   0,    ,   0,   0,      ABELA,  , 
SH, 01, 2016072018,   , BEST,   0, 156S,  494E,  20, 1007, DB,   0,    ,    0,    0,    0,    0, 1013,  110,  20,   0,   0,    ,   0,    ,   0,   0,      ABELA,  , 
SH, 01, 2016072100,   , BEST,   0, 159S,  485E,  15, 1010, DB,   0,    ,    0,    0,    0,    0, 1013,  110,  20,   0,   0,    ,   0,    ,   0,   0,      ABELA,  , 
