SH, 91, 2015040212,   , BEST,   0, 181S,  727E,  25, 1004, TD,   0,    ,    0,    0,    0,    0, 1007,  200,  45,   0,   0,   S,   0,    ,   0,   0,     INVEST, S, 
SH, 91, 2015040218,   , BEST,   0, 177S,  724E,  25, 1004, TD,   0,    ,    0,    0,    0,    0, 1007,  200,  45,   0,   0, 
SH, 91, 2015040300,   , BEST,   0, 172S,  722E,  25, 1004, TD,   0,    ,    0,    0,    0,    0, 1007,  200,  45,   0,   0, 
SH, 91, 2015040306,   , BEST,   0, 168S,  723E,  25, 1004, TD,   0,    ,    0,    0,    0,    0, 1007,  200,  45,   0,   0, 
SH, 91, 2015040312,   , BEST,   0, 158S,  720E,  25, 1004, TD,   0,    ,    0,    0,    0,    0, 1007,  200,  45,   0,   0,   S,   0,    ,   0,   0,     INVEST, S, 
SH, 91, 2015040318,   , BEST,   0, 155S,  713E,  25, 1004, TD,   0,    ,    0,    0,    0,    0, 1007,  190,  45,   0,   0,   S,   0,    ,   0,   0,     INVEST, S, 
SH, 91, 2015040400,   , BEST,   0, 158S,  704E,  25, 1004, TD,   0,    ,    0,    0,    0,    0, 1007,  190,  45,   0,   0,   S,   0,    ,   0,   0,     INVEST, S, 
SH, 91, 2015040406,   , BEST,   0, 158S,  693E,  25, 1004, TD,   0,    ,    0,    0,    0,    0, 1007,  175,  45,   0,   0, 
SH, 91, 2015040412,   , BEST,   0, 164S,  685E,  25, 1004, TD,   0,    ,    0,    0,    0,    0, 1004,  180,  45,   0,   0, 
SH, 91, 2015040418,   , BEST,   0, 165S,  671E,  25, 1004, TD,   0,    ,    0,    0,    0,    0, 1004,  180,  45,   0,   0,   S,   0,    ,   0,   0,     INVEST, S, 
SH, 91, 2015040500,   , BEST,   0, 165S,  662E,  25, 1004, TD,   0,    ,    0,    0,    0,    0, 1004,  180,  45,   0,   0,   S,   0,    ,   0,   0,     INVEST, S, 
SH, 91, 2015040506,   , BEST,   0, 158S,  655E,  25, 1004, TD,   0,    ,    0,    0,    0,    0, 1006,  175,  45,   0,   0, 
SH, 91, 2015040512,   , BEST,   0, 153S,  647E,  25, 1004, TD,   0,    ,    0,    0,    0,    0, 1005,  185,  45,   0,   0, 
SH, 91, 2015040518,   , BEST,   0, 149S,  638E,  30, 1000, TD,   0,    ,    0,    0,    0,    0, 1005,  185,  45,   0,   0,   S,   0,    ,   0,   0,     INVEST, S, 
SH, 91, 2015040600,   , BEST,   0, 147S,  630E,  35,  996, TS,  34, NEQ,    0,    0,    0,    0, 1005,  185,  45,   0,   0,   S,   0,    ,   0,   0,     INVEST, S, 
