WP, 27, 2013101718,   , BEST,   0, 162N, 1535E,  15, 1010, DB,   0,    ,    0,    0,    0,    0, 
WP, 27, 2013101800,   , BEST,   0, 170N, 1529E,  15, 1010, DB,   0,    ,    0,    0,    0,    0, 
WP, 27, 2013101806,   , BEST,   0, 179N, 1525E,  15, 1010, DB,   0,    ,    0,    0,    0,    0, 
WP, 27, 2013101812,   , BEST,   0, 184N, 1525E,  15, 1006, DB,   0,    ,    0,    0,    0,    0, 1009,  100,  45,   0,   0, 
WP, 27, 2013101818,   , BEST,   0, 189N, 1523E,  20, 1006, DB,   0,    ,    0,    0,    0,    0, 1008,  100,  45,   0,   0,   W,   0,    ,   0,   0,     INVEST, S, 
WP, 27, 2013101900,   , BEST,   0, 194N, 1518E,  25, 1004, DB,   0,    ,    0,    0,    0,    0, 1008,  100,  45,   0,   0,   W,   0,    ,   0,   0,     INVEST, S, 
WP, 27, 2013101906,   , BEST,   0, 201N, 1513E,  25, 1004, TD,   0,    ,    0,    0,    0,    0, 1008,  130,  45,   0,   0,   W,   0,    ,   0,   0, TWENTYSEVE, S, 
WP, 27, 2013101912,   , BEST,   0, 209N, 1504E,  25, 1004, TD,   0,    ,    0,    0,    0,    0, 1008,  130,  45,   0,   0,   W,   0,    ,   0,   0, TWENTYSEVE, S, 
WP, 27, 2013101918,   , BEST,   0, 216N, 1491E,  25, 1004, TD,   0,    ,    0,    0,    0,    0, 1007,  130,  45,   0,   0,   W,   0,    ,   0,   0, TWENTYSEVE, S, 
WP, 27, 2013102000,   , BEST,   0, 224N, 1475E,  25, 1004, TD,   0,    ,    0,    0,    0,    0, 1007,  130,  45,   0,   0,   W,   0,    ,   0,   0, TWENTYSEVE, S, 
WP, 27, 2013102006,   , BEST,   0, 236N, 1458E,  25, 1004, TD,   0,    ,    0,    0,    0,    0, 1007,  130,  45,   0,   0,   W,   0,    ,   0,   0, TWENTYSEVE, S, 
WP, 27, 2013102012,   , BEST,   0, 247N, 1439E,  20, 1007, DB,   0,    ,    0,    0,    0,    0, 1008,  120,  45,   0,   0,   W,   0,    ,   0,   0, TWENTYSEVE, S, 
WP, 27, 2013102018,   , BEST,   0, 260N, 1432E,  20, 1004, DB,   0,    ,    0,    0,    0,    0, 1006,  120,  45,   0,   0, 
WP, 27, 2013102100,   , BEST,   0, 281N, 1424E,  20, 1007, DB,   0,    ,    0,    0,    0,    0, 1007,  120,  45,   0,   0, 
WP, 27, 2013102103,   , BEST,   0, 290N, 1424E,  20, 1007, DB,   0,    ,    0,    0,    0,    0, 1007,  120,  45,   0,   0, 
WP, 27, 2013102106,   , BEST,   0, 301N, 1427E,  20, 1007, DB,   0,    ,    0,    0,    0,    0, 1007,  120,  45,   0,   0, 
WP, 27, 2013102112,   , BEST,   0, 311N, 1434E,  20, 1007, TD,   0,    ,    0,    0,    0,    0, 1007,  120,  45,   0,   0, 
WP, 27, 2013102118,   , BEST,   0, 316N, 1445E,  20, 1007, TD,   0,    ,    0,    0,    0,    0, 1007,  120,  45,   0,   0, 
WP, 27, 2013102200,   , BEST,   0, 320N, 1457E,  20, 1007, TD,   0,    ,    0,    0,    0,    0, 1007,  120,  45,   0,   0, 
WP, 27, 2013102206,   , BEST,   0, 318N, 1468E,  20, 1007, TD,   0,    ,    0,    0,    0,    0, 1007,  120,  45,   0,   0, 
