AL, 09, 2019090918,   , BEST,   0, 213N,  701W,  20, 1015, DB,   0,    ,    0,    0,    0,    0,    0,    0,   0,   0,   0,    ,   0,    ,   0,   0, GENESIS019,  ,  0,    ,    0,    0,    0,    0, 
AL, 09, 2019091000,   , BEST,   0, 213N,  705W,  20, 1015, DB,   0,    ,    0,    0,    0,    0,    0,    0,   0,   0,   0,    ,   0,    ,   0,   0, GENESIS019,  ,  0,    ,    0,    0,    0,    0, 
AL, 09, 2019091006,   , BEST,   0, 214N,  709W,  20, 1015, DB,   0,    ,    0,    0,    0,    0,    0,    0,   0,   0,   0,    ,   0,    ,   0,   0, GENESIS019,  ,  0,    ,    0,    0,    0,    0, 
AL, 09, 2019091012,   , BEST,   0, 215N,  713W,  20, 1015, DB,   0,    ,    0,    0,    0,    0,    0,    0,   0,   0,   0,    ,   0,    ,   0,   0, GENESIS019,  ,  0,    ,    0,    0,    0,    0, 
AL, 09, 2019091018,   , BEST,   0, 216N,  717W,  25, 1014, DB,   0,    ,    0,    0,    0,    0, 1017,  150,  90,   0,   0,   L,   0,    ,   0,   0,     INVEST, S,  0,    ,    0,    0,    0,    0, 
AL, 09, 2019091100,   , BEST,   0, 217N,  721W,  25, 1014, DB,   0,    ,    0,    0,    0,    0, 1017,  150,  90,   0,   0,   L,   0,    ,   0,   0,     INVEST, S,  0,    ,    0,    0,    0,    0, 
AL, 09, 2019091106,   , BEST,   0, 217N,  725W,  25, 1013, DB,   0,    ,    0,    0,    0,    0, 1016,  150,  90,   0,   0,   L,   0,    ,   0,   0,     INVEST, S,  0,    ,    0,    0,    0,    0, 
AL, 09, 2019091112,   , BEST,   0, 217N,  730W,  25, 1012, DB,   0,    ,    0,    0,    0,    0, 1015,  150,  90,   0,   0,   L,   0,    ,   0,   0,     INVEST, S,  0,    ,    0,    0,    0,    0, 
AL, 09, 2019091118,   , BEST,   0, 217N,  736W,  25, 1011, DB,   0,    ,    0,    0,    0,    0, 1014,  150,  90,   0,   0,   L,   0,    ,   0,   0,     INVEST, S,  0,    ,    0,    0,    0,    0, 
AL, 09, 2019091200,   , BEST,   0, 221N,  741W,  25, 1010, DB,   0,    ,    0,    0,    0,    0, 1013,  150,  90,  35,   0,   L,   0,    ,   0,   0,     INVEST, S,  0,    ,    0,    0,    0,    0, 
AL, 09, 2019091206,   , BEST,   0, 226N,  743W,  25, 1009, DB,   0,    ,    0,    0,    0,    0, 1012,  210, 150,  35,   0,   L,   0,    ,   0,   0,     INVEST, S,  0,    ,    0,    0,    0,    0, 
AL, 09, 2019091212,   , BEST,   0, 231N,  743W,  25, 1009, LO,   0,    ,    0,    0,    0,    0, 1012,  210, 150,  35,   0,   L,   0,    ,   0,   0,     INVEST, S,  0,    ,    0,    0,    0,    0, 
AL, 09, 2019091218,   , BEST,   0, 235N,  743W,  25, 1009, LO,   0,    ,    0,    0,    0,    0, 1012,  210, 150,  35,   0,   L,   0,    ,   0,   0,       NINE, S,  0,    ,    0,    0,    0,    0, 
AL, 09, 2019091300,   , BEST,   0, 237N,  744W,  25, 1009, LO,   0,    ,    0,    0,    0,    0, 1012,  210,  90,  35,   0,   L,   0,    ,   0,   0,       NINE, M,  0,    ,    0,    0,    0,    0, 
AL, 09, 2019091306,   , BEST,   0, 241N,  744W,  25, 1009, LO,   0,    ,    0,    0,    0,    0, 1011,  210,  90,  35,   0,   L,   0,    ,   0,   0,       NINE, M,  0,    ,    0,    0,    0,    0, 
AL, 09, 2019091312,   , BEST,   0, 245N,  745W,  25, 1009, LO,   0,    ,    0,    0,    0,    0, 1011,  210,  90,  35,   0,   L,   0,    ,   0,   0,       NINE, M,  0,    ,    0,    0,    0,    0, 
AL, 09, 2019091318,   , BEST,   0, 254N,  747W,  25, 1009, TD,   0,    ,    0,    0,    0,    0, 1011,  210,  90,  35,   0,   L,   0,    ,   0,   0,       NINE, M,  0,    ,    0,    0,    0,    0, 
AL, 09, 2019091400,   , BEST,   0, 255N,  750W,  30, 1008, TD,   0,    ,    0,    0,    0,    0, 1012,  180,  75,  40,   0,   L,   0,    ,   0,   0,       NINE, M,  0,    ,    0,    0,    0,    0, 
AL, 09, 2019091406,   , BEST,   0, 259N,  757W,  35, 1007, TS,  34, NEQ,   80,   60,    0,   80, 1012,  150,  60,  45,   0,   L,   0,    ,   0,   0,   HUMBERTO, M,  0,    ,    0,    0,    0,    0, 
AL, 09, 2019091412,   , BEST,   0, 265N,  766W,  45, 1004, TS,  34, NEQ,   80,   60,    0,   60, 1012,  150,  60,  55,   0,   L,   0,    ,   0,   0,   HUMBERTO, M,  0,    ,    0,    0,    0,    0, 
AL, 09, 2019091418,   , BEST,   0, 271N,  771W,  45, 1004, TS,  34, NEQ,  100,  120,    0,   40, 1012,  150,  60,  55,   0,   L,   0,    ,   0,   0,   HUMBERTO, M, 12, NEQ,  120,    0,    0,   60, 
AL, 09, 2019091500,   , BEST,   0, 274N,  772W,  45, 1002, TS,  34, NEQ,  100,  140,    0,   50, 1012,  150,  60,  55,   0,   L,   0,    ,   0,   0,   HUMBERTO, M, 12, NEQ,  120,    0,    0,   60, 
AL, 09, 2019091506,   , BEST,   0, 280N,  776W,  50, 1000, TS,  34, NEQ,  100,  140,    0,   60, 1012,  150,  60,  60,   0,   L,   0,    ,   0,   0,   HUMBERTO, M, 12, NEQ,  120,   60,   30,   90, 
AL, 09, 2019091506,   , BEST,   0, 280N,  776W,  50, 1000, TS,  50, NEQ,   60,   60,    0,    0, 1012,  150,  60,  60,   0,   L,   0,    ,   0,   0,   HUMBERTO, M, 12, NEQ,  120,   60,   30,   90, 
AL, 09, 2019091512,   , BEST,   0, 286N,  778W,  55,  997, TS,  34, NEQ,  100,  140,    0,   60, 1012,  150,  30,  65,   0,   L,   0,    ,   0,   0,   HUMBERTO, D, 12, NEQ,  120,   60,   30,   90, 
AL, 09, 2019091512,   , BEST,   0, 286N,  778W,  55,  997, TS,  50, NEQ,   60,   60,    0,   30, 1012,  150,  30,  65,   0,   L,   0,    ,   0,   0,   HUMBERTO, D, 12, NEQ,  120,   60,   30,   90, 
AL, 09, 2019091518,   , BEST,   0, 291N,  780W,  60,  993, TS,  34, NEQ,  100,  130,   40,   60, 1012,  150,  30,  65,   0,   L,   0,    ,   0,   0,   HUMBERTO, D, 12, NEQ,  120,   60,   30,   90, 
AL, 09, 2019091518,   , BEST,   0, 291N,  780W,  60,  993, TS,  50, NEQ,   60,   60,    0,   30, 1012,  150,  30,  65,   0,   L,   0,    ,   0,   0,   HUMBERTO, D, 12, NEQ,  120,   60,   30,   90, 
AL, 09, 2019091600,   , BEST,   0, 293N,  778W,  65,  987, HU,  34, NEQ,  100,  130,   40,   60, 1012,  150,  30,  80,   0,   L,   0,    ,   0,   0,   HUMBERTO, D, 12, NEQ,  120,   90,   60,   90, 
AL, 09, 2019091600,   , BEST,   0, 293N,  778W,  65,  987, HU,  50, NEQ,   50,   50,    0,   30, 1012,  150,  30,  80,   0,   L,   0,    ,   0,   0,   HUMBERTO, D, 12, NEQ,  120,   90,   60,   90, 
AL, 09, 2019091600,   , BEST,   0, 293N,  778W,  65,  987, HU,  64, NEQ,   30,   30,    0,    0, 1012,  150,  30,  80,   0,   L,   0,    ,   0,   0,   HUMBERTO, D, 12, NEQ,  120,   90,   60,   90, 
AL, 09, 2019091606,   , BEST,   0, 296N,  775W,  70,  982, HU,  34, NEQ,  110,  130,   60,   70, 1012,  160,  25,  90,   0,   L,   0,    ,   0,   0,   HUMBERTO, D, 12, NEQ,  120,   90,   60,   90, 
AL, 09, 2019091606,   , BEST,   0, 296N,  775W,  70,  982, HU,  50, NEQ,   50,   50,   20,   30, 1012,  160,  25,  90,   0,   L,   0,    ,   0,   0,   HUMBERTO, D, 12, NEQ,  120,   90,   60,   90, 
AL, 09, 2019091606,   , BEST,   0, 296N,  775W,  70,  982, HU,  64, NEQ,   25,   25,    0,   15, 1012,  160,  25,  90,   0,   L,   0,    ,   0,   0,   HUMBERTO, D, 12, NEQ,  120,   90,   60,   90, 
AL, 09, 2019091612,   , BEST,   0, 298N,  768W,  75,  979, HU,  34, NEQ,  110,  130,   60,   70, 1012,  160,  20,  90,   0,   L,   0,    ,   0,   0,   HUMBERTO, D, 12, NEQ,  150,  120,   90,  120, 
AL, 09, 2019091612,   , BEST,   0, 298N,  768W,  75,  979, HU,  50, NEQ,   50,   50,   20,   30, 1012,  160,  20,  90,   0,   L,   0,    ,   0,   0,   HUMBERTO, D, 12, NEQ,  150,  120,   90,  120, 
AL, 09, 2019091612,   , BEST,   0, 298N,  768W,  75,  979, HU,  64, NEQ,   25,   25,    0,   20, 1012,  160,  20,  90,   0,   L,   0,    ,   0,   0,   HUMBERTO, D, 12, NEQ,  150,  120,   90,  120, 
AL, 09, 2019091618,   , BEST,   0, 301N,  762W,  80,  976, HU,  34, NEQ,  110,  130,   60,   70, 1012,  160,  20, 100,   0,   L,   0,    ,   0,   0,   HUMBERTO, D, 12, NEQ,  150,  120,  120,  180, 
AL, 09, 2019091618,   , BEST,   0, 301N,  762W,  80,  976, HU,  50, NEQ,   50,   50,   30,   30, 1012,  160,  20, 100,   0,   L,   0,    ,   0,   0,   HUMBERTO, D, 12, NEQ,  150,  120,  120,  180, 
AL, 09, 2019091618,   , BEST,   0, 301N,  762W,  80,  976, HU,  64, NEQ,   25,   25,   20,   20, 1012,  160,  20, 100,   0,   L,   0,    ,   0,   0,   HUMBERTO, D, 12, NEQ,  150,  120,  120,  180, 
AL, 09, 2019091700,   , BEST,   0, 303N,  755W,  80,  966, HU,  34, NEQ,  110,  130,   60,   70, 1012,  200,  20, 100,   0,   L,   0,    ,   0,   0,   HUMBERTO, D, 12, NEQ,  150,  120,  120,  180, 
AL, 09, 2019091700,   , BEST,   0, 303N,  755W,  80,  966, HU,  50, NEQ,   50,   50,   30,   30, 1012,  200,  20, 100,   0,   L,   0,    ,   0,   0,   HUMBERTO, D, 12, NEQ,  150,  120,  120,  180, 
AL, 09, 2019091700,   , BEST,   0, 303N,  755W,  80,  966, HU,  64, NEQ,   25,   25,   20,   20, 1012,  200,  20, 100,   0,   L,   0,    ,   0,   0,   HUMBERTO, D, 12, NEQ,  150,  120,  120,  180, 
AL, 09, 2019091706,   , BEST,   0, 305N,  747W,  80,  965, HU,  34, NEQ,  110,  130,   60,   90, 1012,  200,  20, 100,   0,   L,   0,    ,   0,   0,   HUMBERTO, D, 12, NEQ,  150,  120,  120,  150, 
AL, 09, 2019091706,   , BEST,   0, 305N,  747W,  80,  965, HU,  50, NEQ,   50,   50,   30,   30, 1012,  200,  20, 100,   0,   L,   0,    ,   0,   0,   HUMBERTO, D, 12, NEQ,  150,  120,  120,  150, 
AL, 09, 2019091706,   , BEST,   0, 305N,  747W,  80,  965, HU,  64, NEQ,   25,   25,   20,   20, 1012,  200,  20, 100,   0,   L,   0,    ,   0,   0,   HUMBERTO, D, 12, NEQ,  150,  120,  120,  150, 
AL, 09, 2019091712,   , BEST,   0, 306N,  739W,  85,  961, HU,  34, NEQ,  130,  150,   80,  100, 1012,  200,  20, 105,   0,   L,   0,    ,   0,   0,   HUMBERTO, D, 12, NEQ,  180,  150,  180,  180, 
AL, 09, 2019091712,   , BEST,   0, 306N,  739W,  85,  961, HU,  50, NEQ,   80,   80,   60,   70, 1012,  200,  20, 105,   0,   L,   0,    ,   0,   0,   HUMBERTO, D, 12, NEQ,  180,  150,  180,  180, 
AL, 09, 2019091712,   , BEST,   0, 306N,  739W,  85,  961, HU,  64, NEQ,   40,   50,   35,   40, 1012,  200,  20, 105,   0,   L,   0,    ,   0,   0,   HUMBERTO, D, 12, NEQ,  180,  150,  180,  180, 
AL, 09, 2019091718,   , BEST,   0, 309N,  729W,  90,  960, HU,  34, NEQ,  130,  150,  120,  120, 1012,  200,  15, 110,   0,   L,   0,    ,   0,   0,   HUMBERTO, D, 12, NEQ,  180,  150,  180,  180, 
AL, 09, 2019091718,   , BEST,   0, 309N,  729W,  90,  960, HU,  50, NEQ,   80,   80,   60,   80, 1012,  200,  15, 110,   0,   L,   0,    ,   0,   0,   HUMBERTO, D, 12, NEQ,  180,  150,  180,  180, 
AL, 09, 2019091718,   , BEST,   0, 309N,  729W,  90,  960, HU,  64, NEQ,   40,   50,   40,   40, 1012,  200,  15, 110,   0,   L,   0,    ,   0,   0,   HUMBERTO, D, 12, NEQ,  180,  150,  180,  180, 
AL, 09, 2019091800,   , BEST,   0, 312N,  716W, 100,  951, HU,  34, NEQ,  130,  150,  120,  120, 1010,  200,  15, 120,   0,   L,   0,    ,   0,   0,   HUMBERTO, D, 12, NEQ,  180,  180,  210,  210, 
AL, 09, 2019091800,   , BEST,   0, 312N,  716W, 100,  951, HU,  50, NEQ,   80,   80,   60,   80, 1010,  200,  15, 120,   0,   L,   0,    ,   0,   0,   HUMBERTO, D, 12, NEQ,  180,  180,  210,  210, 
AL, 09, 2019091800,   , BEST,   0, 312N,  716W, 100,  951, HU,  64, NEQ,   40,   50,   40,   40, 1010,  200,  15, 120,   0,   L,   0,    ,   0,   0,   HUMBERTO, D, 12, NEQ,  180,  180,  210,  210, 
AL, 09, 2019091806,   , BEST,   0, 315N,  703W, 100,  951, HU,  34, NEQ,  130,  150,  120,  120, 1010,  200,  15, 120,   0,   L,   0,    ,   0,   0,   HUMBERTO, D, 12, NEQ,  190,  230,  270,  270, 
AL, 09, 2019091806,   , BEST,   0, 315N,  703W, 100,  951, HU,  50, NEQ,   80,   80,   60,   80, 1010,  200,  15, 120,   0,   L,   0,    ,   0,   0,   HUMBERTO, D, 12, NEQ,  190,  230,  270,  270, 
AL, 09, 2019091806,   , BEST,   0, 315N,  703W, 100,  951, HU,  64, NEQ,   40,   50,   40,   40, 1010,  200,  15, 120,   0,   L,   0,    ,   0,   0,   HUMBERTO, D, 12, NEQ,  190,  230,  270,  270, 
AL, 09, 2019091812,   , BEST,   0, 319N,  688W, 105,  952, HU,  34, NEQ,  150,  170,  150,  140, 1010,  200,  20, 120,   0,   L,   0,    ,   0,   0,   HUMBERTO, D, 12, NEQ,  220,  300,  360,  360, 
AL, 09, 2019091812,   , BEST,   0, 319N,  688W, 105,  952, HU,  50, NEQ,  100,  100,   90,   90, 1010,  200,  20, 120,   0,   L,   0,    ,   0,   0,   HUMBERTO, D, 12, NEQ,  220,  300,  360,  360, 
AL, 09, 2019091812,   , BEST,   0, 319N,  688W, 105,  952, HU,  64, NEQ,   60,   70,   70,   60, 1010,  200,  20, 120,   0,   L,   0,    ,   0,   0,   HUMBERTO, D, 12, NEQ,  220,  300,  360,  360, 
AL, 09, 2019091818,   , BEST,   0, 325N,  672W, 105,  952, HU,  34, NEQ,  150,  170,  150,  140, 1010,  200,  20, 130,   0,   L,   0,    ,   0,   0,   HUMBERTO, D, 12, NEQ,  220,  300,  360,  360, 
AL, 09, 2019091818,   , BEST,   0, 325N,  672W, 105,  952, HU,  50, NEQ,  100,  100,   90,   90, 1010,  200,  20, 130,   0,   L,   0,    ,   0,   0,   HUMBERTO, D, 12, NEQ,  220,  300,  360,  360, 
AL, 09, 2019091818,   , BEST,   0, 325N,  672W, 105,  952, HU,  64, NEQ,   60,   70,   70,   60, 1010,  200,  20, 130,   0,   L,   0,    ,   0,   0,   HUMBERTO, D, 12, NEQ,  220,  300,  360,  360, 
AL, 09, 2019091900,   , BEST,   0, 332N,  650W, 100,  954, HU,  34, NEQ,  170,  190,  150,  160, 1010,  250,  60, 120,   0,   L,   0,    ,   0,   0,   HUMBERTO, D, 12, NEQ,  240,  360,  510,  420, 
AL, 09, 2019091900,   , BEST,   0, 332N,  650W, 100,  954, HU,  50, NEQ,  100,  120,  100,  100, 1010,  250,  60, 120,   0,   L,   0,    ,   0,   0,   HUMBERTO, D, 12, NEQ,  240,  360,  510,  420, 
AL, 09, 2019091900,   , BEST,   0, 332N,  650W, 100,  954, HU,  64, NEQ,   60,   80,   70,   60, 1010,  250,  60, 120,   0,   L,   0,    ,   0,   0,   HUMBERTO, D, 12, NEQ,  240,  360,  510,  420, 
AL, 09, 2019091906,   , BEST,   0, 345N,  629W, 100,  952, HU,  34, NEQ,  220,  170,  160,  350, 1010,  250,  60, 135,   0,   L,   0,    ,   0,   0,   HUMBERTO, D, 12, NEQ,  420,  420,  780,  420, 
AL, 09, 2019091906,   , BEST,   0, 345N,  629W, 100,  952, HU,  50, NEQ,  100,  120,  100,  100, 1010,  250,  60, 135,   0,   L,   0,    ,   0,   0,   HUMBERTO, D, 12, NEQ,  420,  420,  780,  420, 
AL, 09, 2019091906,   , BEST,   0, 345N,  629W, 100,  952, HU,  64, NEQ,   60,   80,   70,   60, 1010,  250,  60, 135,   0,   L,   0,    ,   0,   0,   HUMBERTO, D, 12, NEQ,  420,  420,  780,  420, 
AL, 09, 2019091912,   , BEST,   0, 360N,  608W, 100,  955, HU,  34, NEQ,  220,  170,  160,  350, 1008,  300,  60, 120,   0,   L,   0,    ,   0,   0,   HUMBERTO, D, 12, NEQ,  420,  480,  900,  630, 
AL, 09, 2019091912,   , BEST,   0, 360N,  608W, 100,  955, HU,  50, NEQ,  100,  120,  100,  100, 1008,  300,  60, 120,   0,   L,   0,    ,   0,   0,   HUMBERTO, D, 12, NEQ,  420,  480,  900,  630, 
AL, 09, 2019091912,   , BEST,   0, 360N,  608W, 100,  955, HU,  64, NEQ,   60,   80,   70,   60, 1008,  300,  60, 120,   0,   L,   0,    ,   0,   0,   HUMBERTO, D, 12, NEQ,  420,  480,  900,  630, 
AL, 09, 2019091918,   , BEST,   0, 377N,  593W,  90,  960, HU,  34, NEQ,  330,  240,  180,  330, 1008,  300,  60, 110,   0,   L,   0,    ,   0,   0,   HUMBERTO, D, 12, NEQ,  360,  480,  960,  600, 
AL, 09, 2019091918,   , BEST,   0, 377N,  593W,  90,  960, HU,  50, NEQ,  150,  120,  120,  120, 1008,  300,  60, 110,   0,   L,   0,    ,   0,   0,   HUMBERTO, D, 12, NEQ,  360,  480,  960,  600, 
AL, 09, 2019091918,   , BEST,   0, 377N,  593W,  90,  960, HU,  64, NEQ,   60,   70,   70,   60, 1008,  300,  60, 110,   0,   L,   0,    ,   0,   0,   HUMBERTO, D, 12, NEQ,  360,  480,  960,  600, 
AL, 09, 2019092000,   , BEST,   0, 392N,  584W,  85,  965, EX,  34, NEQ,  330,  240,  180,  330, 1010,  280,  60, 105,   0,   L,   0,    ,   0,   0,   HUMBERTO, D, 12, NEQ,  360,  480,  960,  600, 
AL, 09, 2019092000,   , BEST,   0, 392N,  584W,  85,  965, EX,  50, NEQ,  150,  120,  120,  120, 1010,  280,  60, 105,   0,   L,   0,    ,   0,   0,   HUMBERTO, D, 12, NEQ,  360,  480,  960,  600, 
AL, 09, 2019092000,   , BEST,   0, 392N,  584W,  85,  965, EX,  64, NEQ,   60,   70,   70,   60, 1010,  280,  60, 105,   0,   L,   0,    ,   0,   0,   HUMBERTO, D, 12, NEQ,  360,  480,  960,  600, 
