AL, 93, 2017102006,   , BEST,   0, 113N,  725W,  20, 1009, DB,   0,    ,    0,    0,    0,    0,    0,    0,   0,   0,   0,    ,   0,    ,   0,   0, GENESIS039,  ,  0,    ,    0,    0,    0,    0, genesis-num, 039, 
AL, 93, 2017102012,   , BEST,   0, 113N,  735W,  20, 1009, DB,   0,    ,    0,    0,    0,    0,    0,    0,   0,   0,   0,    ,   0,    ,   0,   0, GENESIS039,  ,  0,    ,    0,    0,    0,    0, genesis-num, 039, 
AL, 93, 2017102018,   , BEST,   0, 113N,  745W,  20, 1009, DB,   0,    ,    0,    0,    0,    0,    0,    0,   0,   0,   0,    ,   0,    ,   0,   0, GENESIS039,  ,  0,    ,    0,    0,    0,    0, genesis-num, 039, 
AL, 93, 2017102100,   , BEST,   0, 113N,  755W,  20, 1009, DB,   0,    ,    0,    0,    0,    0,    0,    0,   0,   0,   0,    ,   0,    ,   0,   0, GENESIS039,  ,  0,    ,    0,    0,    0,    0, genesis-num, 039, 
AL, 93, 2017102106,   , BEST,   0, 113N,  765W,  20, 1009, DB,   0,    ,    0,    0,    0,    0,    0,    0,   0,   0,   0,    ,   0,    ,   0,   0, GENESIS039,  ,  0,    ,    0,    0,    0,    0, genesis-num, 039, 
AL, 93, 2017102112,   , BEST,   0, 113N,  775W,  20, 1009, DB,   0,    ,    0,    0,    0,    0,    0,    0,   0,   0,   0,    ,   0,    ,   0,   0, GENESIS039,  ,  0,    ,    0,    0,    0,    0, genesis-num, 039, 
AL, 93, 2017102118,   , BEST,   0, 113N,  785W,  20, 1009, DB,   0,    ,    0,    0,    0,    0,    0,    0,   0,   0,   0,    ,   0,    ,   0,   0, GENESIS039,  ,  0,    ,    0,    0,    0,    0, genesis-num, 039, 
AL, 93, 2017102200,   , BEST,   0, 113N,  795W,  20, 1009, DB,   0,    ,    0,    0,    0,    0,    0,    0,   0,   0,   0,    ,   0,    ,   0,   0, GENESIS039,  ,  0,    ,    0,    0,    0,    0, genesis-num, 039, 
AL, 93, 2017102206,   , BEST,   0, 113N,  805W,  20, 1009, DB,   0,    ,    0,    0,    0,    0,    0,    0,   0,   0,   0,    ,   0,    ,   0,   0, GENESIS039,  ,  0,    ,    0,    0,    0,    0, genesis-num, 039, 
AL, 93, 2017102212,   , BEST,   0, 113N,  815W,  25, 1008, DB,   0,    ,    0,    0,    0,    0,    0,    0,   0,   0,   0,    ,   0,    ,   0,   0, GENESIS039,  ,  0,    ,    0,    0,    0,    0, genesis-num, 039, 
AL, 93, 2017102218,   , BEST,   0, 116N,  822W,  25, 1008, DB,   0,    ,    0,    0,    0,    0,    0,    0,   0,   0,   0,    ,   0,    ,   0,   0, GENESIS039,  ,  0,    ,    0,    0,    0,    0, genesis-num, 039, 
AL, 93, 2017102300,   , BEST,   0, 120N,  826W,  25, 1008, DB,   0,    ,    0,    0,    0,    0,    0,    0,   0,   0,   0,    ,   0,    ,   0,   0, GENESIS039,  ,  0,    ,    0,    0,    0,    0, genesis-num, 039, 
AL, 93, 2017102306,   , BEST,   0, 125N,  827W,  25, 1007, DB,   0,    ,    0,    0,    0,    0,    0,    0,   0,   0,   0,    ,   0,    ,   0,   0, GENESIS039,  ,  0,    ,    0,    0,    0,    0, genesis-num, 039, 
AL, 93, 2017102312,   , BEST,   0, 128N,  828W,  25, 1007, DB,   0,    ,    0,    0,    0,    0,    0,    0,   0,   0,   0,    ,   0,    ,   0,   0, GENESIS039,  ,  0,    ,    0,    0,    0,    0, genesis-num, 039, 
AL, 93, 2017102318,   , BEST,   0, 131N,  829W,  30, 1007, LO,   0,    ,    0,    0,    0,    0, 1010,  180, 110,   0,   0,    ,   0,    ,   0,   0, GENESIS039,  ,  0,    ,    0,    0,    0,    0, genesis-num, 039, 
AL, 93, 2017102400,   , BEST,   0, 134N,  830W,  30, 1006, LO,   0,    ,    0,    0,    0,    0, 1010,  180,  30,   0,   0,   L,   0,    ,   0,   0,     INVEST, S,  0,    ,    0,    0,    0,    0, genesis-num, 039, SPAWNINVEST, al782017 to al932017, 
AL, 93, 2017102406,   , BEST,   0, 136N,  830W,  30, 1006, LO,   0,    ,    0,    0,    0,    0, 1010,  180,  30,   0,   0,   L,   0,    ,   0,   0,     INVEST, S,  0,    ,    0,    0,    0,    0, genesis-num, 039, 
AL, 93, 2017102412,   , BEST,   0, 130N,  830W,  30, 1007, DB,   0,    ,    0,    0,    0,    0, 1010,  180,  30,   0,   0,   L,   0,    ,   0,   0,     INVEST, S,  0,    ,    0,    0,    0,    0, genesis-num, 039, 
AL, 93, 2017102418,   , BEST,   0, 130N,  830W,  30, 1007, DB,   0,    ,    0,    0,    0,    0, 1010,  180,  30,   0,   0,   L,   0,    ,   0,   0,     INVEST, S,  0,    ,    0,    0,    0,    0, genesis-num, 039, 
AL, 93, 2017102500,   , BEST,   0, 130N,  834W,  30, 1006, DB,   0,    ,    0,    0,    0,    0, 1009,  180,  30,   0,   0,   L,   0,    ,   0,   0,     INVEST, S,  0,    ,    0,    0,    0,    0, genesis-num, 039, 
AL, 93, 2017102506,   , BEST,   0, 134N,  834W,  30, 1006, DB,   0,    ,    0,    0,    0,    0, 1009,  180,  30,   0,   0,    ,   0,    ,   0,   0,     INVEST,  ,  0,    ,    0,    0,    0,    0, genesis-num, 039, 
AL, 93, 2017102512,   , BEST,   0, 137N,  833W,  30, 1007, LO,   0,    ,    0,    0,    0,    0, 1009,  180,  30,   0,   0,   L,   0,    ,   0,   0,     INVEST, S,  0,    ,    0,    0,    0,    0, genesis-num, 039, 
AL, 93, 2017102518,   , BEST,   0, 138N,  833W,  30, 1007, LO,   0,    ,    0,    0,    0,    0, 1009,  180,  30,   0,   0,   L,   0,    ,   0,   0,     INVEST, S,  0,    ,    0,    0,    0,    0, genesis-num, 039, 
AL, 93, 2017102600,   , BEST,   0, 139N,  832W,  30, 1006, LO,   0,    ,    0,    0,    0,    0, 1008,  180,  30,   0,   0,   L,   0,    ,   0,   0,     INVEST, S,  0,    ,    0,    0,    0,    0, genesis-num, 039, 
AL, 93, 2017102606,   , BEST,   0, 141N,  831W,  25, 1007, LO,   0,    ,    0,    0,    0,    0, 1008,  180,  60,   0,   0,   L,   0,    ,   0,   0,     INVEST, S,  0,    ,    0,    0,    0,    0, genesis-num, 039, 
AL, 93, 2017102612,   , BEST,   0, 145N,  830W,  25, 1008, LO,   0,    ,    0,    0,    0,    0, 1009,  180,  60,   0,   0,   L,   0,    ,   0,   0,     INVEST, S,  0,    ,    0,    0,    0,    0, genesis-num, 039, 
AL, 93, 2017102618,   , BEST,   0, 150N,  831W,  25, 1008, DB,   0,    ,    0,    0,    0,    0, 1009,  180,  70,   0,   0,   L,   0,    ,   0,   0,     INVEST, S,  0,    ,    0,    0,    0,    0, genesis-num, 039, 
AL, 93, 2017102700,   , BEST,   0, 153N,  828W,  25, 1007, DB,   0,    ,    0,    0,    0,    0, 1009,  180,  70,   0,   0,   L,   0,    ,   0,   0,     INVEST, S,  0,    ,    0,    0,    0,    0, genesis-num, 039, 
AL, 93, 2017102706,   , BEST,   0, 156N,  830W,  25, 1006, DB,   0,    ,    0,    0,    0,    0, 1009,  180,  70,   0,   0,   L,   0,    ,   0,   0,     INVEST, S,  0,    ,    0,    0,    0,    0, genesis-num, 039, 
AL, 93, 2017102712,   , BEST,   0, 168N,  836W,  25, 1006, DB,   0,    ,    0,    0,    0,    0, 1009,  180,  70,   0,   0,   L,   0,    ,   0,   0,     INVEST, M,  0,    ,    0,    0,    0,    0, genesis-num, 039, 
AL, 93, 2017102718,   , BEST,   0, 175N,  842W,  30, 1006, DB,  34, NEQ,    0,    0,    0,    0, 1009,  180,  70,  40,   0,   L,   0,    ,   0,   0,     INVEST, M,  0,    ,    0,    0,    0,    0, genesis-num, 039, 
