EP, 19, 2016092318,   , BEST,   0, 120N, 1291W,  20,    0, DB,   0,    ,    0,    0,    0,    0,    0,    0,   0,   0,   0,    ,   0,    ,   0,   0, GENESIS032,  ,  0,    ,    0,    0,    0,    0, genesis-num, 032, 
EP, 19, 2016092400,   , BEST,   0, 120N, 1303W,  20,    0, DB,   0,    ,    0,    0,    0,    0,    0,    0,   0,   0,   0,    ,   0,    ,   0,   0, GENESIS032,  ,  0,    ,    0,    0,    0,    0, genesis-num, 032, 
EP, 19, 2016092406,   , BEST,   0, 120N, 1317W,  20,    0, DB,   0,    ,    0,    0,    0,    0,    0,    0,   0,   0,   0,    ,   0,    ,   0,   0, GENESIS032,  ,  0,    ,    0,    0,    0,    0, genesis-num, 032, 
EP, 19, 2016092412,   , BEST,   0, 120N, 1331W,  20,    0, DB,   0,    ,    0,    0,    0,    0,    0,    0,   0,   0,   0,    ,   0,    ,   0,   0, GENESIS032,  ,  0,    ,    0,    0,    0,    0, genesis-num, 032, 
EP, 19, 2016092418,   , BEST,   0, 120N, 1347W,  25, 1009, LO,   0,    ,    0,    0,    0,    0, 1011,  150,  60,   0,   0,   E,   0,    ,   0,   0,     INVEST, S,  0,    ,    0,    0,    0,    0, genesis-num, 032, SPAWNINVEST, ep752016 to ep962016, 
EP, 19, 2016092500,   , BEST,   0, 120N, 1358W,  25, 1009, LO,   0,    ,    0,    0,    0,    0, 1011,  150,  60,   0,   0,   E,   0,    ,   0,   0,     INVEST, S,  0,    ,    0,    0,    0,    0, genesis-num, 032, 
EP, 19, 2016092506,   , BEST,   0, 117N, 1367W,  25, 1009, LO,   0,    ,    0,    0,    0,    0, 1012,  150,  60,   0,   0,   E,   0,    ,   0,   0,     INVEST, S,  0,    ,    0,    0,    0,    0, genesis-num, 032, 
EP, 19, 2016092512,   , BEST,   0, 115N, 1376W,  25, 1009, LO,   0,    ,    0,    0,    0,    0, 1011,  150,  60,   0,   0,   E,   0,    ,   0,   0,     INVEST, S,  0,    ,    0,    0,    0,    0, genesis-num, 032, 
EP, 19, 2016092518,   , BEST,   0, 114N, 1383W,  25, 1008, LO,   0,    ,    0,    0,    0,    0, 1011,  150,  40,   0,   0,   E,   0,    ,   0,   0,     INVEST, S,  0,    ,    0,    0,    0,    0, genesis-num, 032, 
EP, 19, 2016092600,   , BEST,   0, 113N, 1387W,  25, 1008, LO,   0,    ,    0,    0,    0,    0, 1011,  150,  50,   0,   0,   E,   0,    ,   0,   0,     INVEST, S,  0,    ,    0,    0,    0,    0, genesis-num, 032, 
EP, 19, 2016092606,   , BEST,   0, 112N, 1391W,  25, 1008, LO,   0,    ,    0,    0,    0,    0, 1011,  150,  50,   0,   0,   E,   0,    ,   0,   0,     INVEST, M,  0,    ,    0,    0,    0,    0, genesis-num, 032, 
EP, 19, 2016092612,   , BEST,   0, 113N, 1396W,  30, 1005, TD,   0,    ,    0,    0,    0,    0, 1010,  175,  40,  40,   0,   E,   0,    ,   0,   0,   NINETEEN, M,  0,    ,    0,    0,    0,    0, genesis-num, 032, TRANSITIONED, epC62016 to ep192016, DISSIPATED, ep192016 to ep962016, TRANSITIONED, epD62016 to ep192016, 
EP, 19, 2016092618,   , BEST,   0, 115N, 1402W,  30, 1005, TD,   0,    ,    0,    0,    0,    0, 1010,  160,  40,  40,   0,   E,   0,    ,   0,   0,   NINETEEN, M,  0,    ,    0,    0,    0,    0, genesis-num, 032, 
EP, 19, 2016092700,   , BEST,   0, 116N, 1404W,  30, 1005, TD,   0,    ,    0,    0,    0,    0, 1009,  160,  30,  40,   0,   E,   0,    ,   0,   0,   NINETEEN, M,  0,    ,    0,    0,    0,    0, genesis-num, 032, 
EP, 19, 2016092706,   , BEST,   0, 119N, 1404W,  35, 1004, TS,  34, NEQ,   40,   40,   30,   30, 1010,  160,  30,  45,   0,   E,   0,    ,   0,   0,      ULIKA, M,  0,    ,    0,    0,    0,    0, genesis-num, 032, 
EP, 19, 2016092712,   , BEST,   0, 122N, 1402W,  45,  999, TS,  34, NEQ,   50,   60,   30,   30, 1008,  175,  30,  55,   0,   E,   0,    ,   0,   0,      ULIKA, D, 12, NEQ,   60,   60,    0,    0, genesis-num, 032, 
EP, 19, 2016092718,   , BEST,   0, 126N, 1398W,  50,  997, TS,  34, NEQ,   50,   60,   30,   30, 1009,  150,  15,  60,   0,   E,   0,    ,   0,   0,      ULIKA, D, 12, NEQ,   60,   60,    0,    0, genesis-num, 032, 
EP, 19, 2016092718,   , BEST,   0, 126N, 1398W,  50,  997, TS,  50, NEQ,    0,   20,    0,    0, 1009,  150,  15,  60,   0,   E,   0,    ,   0,   0,      ULIKA, D, 12, NEQ,   60,   60,    0,    0, genesis-num, 032, 
EP, 19, 2016092800,   , BEST,   0, 131N, 1394W,  55,  997, TS,  34, NEQ,   40,   50,   30,   30, 1009,  150,  15,  65,   0,   E,   0,    ,   0,   0,      ULIKA, D,  0,    ,    0,    0,    0,    0, genesis-num, 032, 
EP, 19, 2016092800,   , BEST,   0, 131N, 1394W,  55,  997, TS,  50, NEQ,   20,   20,    0,    0, 1009,  150,  15,  65,   0,   E,   0,    ,   0,   0,      ULIKA, D,  0,    ,    0,    0,    0,    0, genesis-num, 032, 
EP, 19, 2016092806,   , BEST,   0, 136N, 1391W,  65,  992, HU,  34, NEQ,   30,   40,   30,   30, 1009,  150,  10,  80,   0,   E,   0,    ,   0,   0,      ULIKA, D, 12, NEQ,   60,   60,   60,   60, genesis-num, 032, 
EP, 19, 2016092806,   , BEST,   0, 136N, 1391W,  65,  992, HU,  50, NEQ,   20,   20,   20,   20, 1009,  150,  10,  80,   0,   E,   0,    ,   0,   0,      ULIKA, D, 12, NEQ,   60,   60,   60,   60, genesis-num, 032, 
EP, 19, 2016092806,   , BEST,   0, 136N, 1391W,  65,  992, HU,  64, NEQ,   10,   10,   10,    0, 1009,  150,  10,  80,   0,   E,   0,    ,   0,   0,      ULIKA, D, 12, NEQ,   60,   60,   60,   60, genesis-num, 032, 
EP, 19, 2016092812,   , BEST,   0, 141N, 1388W,  65,  992, HU,  34, NEQ,   30,   40,   30,   30, 1009,  150,  10,  80,   0,   E,   0,    ,   0,   0,      ULIKA, M, 12, NEQ,   60,   60,   30,   45, genesis-num, 032, 
EP, 19, 2016092812,   , BEST,   0, 141N, 1388W,  65,  992, HU,  50, NEQ,   20,   20,   20,   20, 1009,  150,  10,  80,   0,   E,   0,    ,   0,   0,      ULIKA, M, 12, NEQ,   60,   60,   30,   45, genesis-num, 032, 
EP, 19, 2016092812,   , BEST,   0, 141N, 1388W,  65,  992, HU,  64, NEQ,   10,   10,   10,    0, 1009,  150,  10,  80,   0,   E,   0,    ,   0,   0,      ULIKA, M, 12, NEQ,   60,   60,   30,   45, genesis-num, 032, 
EP, 19, 2016092818,   , BEST,   0, 148N, 1387W,  55, 1000, TS,  34, NEQ,   30,   40,   30,   30, 1008,  150,  20,  60,   0,   E,   0,    ,   0,   0,      ULIKA, M, 12, NEQ,   60,   60,   30,   45, genesis-num, 032, 
EP, 19, 2016092818,   , BEST,   0, 148N, 1387W,  55, 1000, TS,  50, NEQ,   20,   20,    0,    0, 1008,  150,  20,  60,   0,   E,   0,    ,   0,   0,      ULIKA, M, 12, NEQ,   60,   60,   30,   45, genesis-num, 032, 
EP, 19, 2016092900,   , BEST,   0, 155N, 1388W,  45, 1001, TS,  34, NEQ,   30,   40,   30,   30, 1008,  150,  20,  55,   0,   E,   0,    ,   0,   0,      ULIKA, M, 12, NEQ,   60,   60,   45,   45, genesis-num, 032, 
EP, 19, 2016092906,   , BEST,   0, 160N, 1391W,  45, 1001, TS,  34, NEQ,   30,   20,   20,   30, 1011,  100,  20,  55,   0,   E,   0,    ,   0,   0,      ULIKA, M, 12, NEQ,   60,   45,   45,   45, genesis-num, 032, 
EP, 19, 2016092912,   , BEST,   0, 165N, 1395W,  40, 1003, TS,  34, NEQ,   30,   20,   20,   30, 1011,  100,  20,  50,   0,   E,   0,    ,   0,   0,      ULIKA, M, 12, NEQ,   60,   45,   45,   60, genesis-num, 032, 
EP, 19, 2016092918,   , BEST,   0, 169N, 1399W,  35, 1006, TS,  34, NEQ,   30,   30,    0,   20, 1013,   90,  20,  45,   0,   E,   0,    ,   0,   0,      ULIKA, M, 12, NEQ,   60,   30,    0,   60, genesis-num, 032, 
EP, 19, 2016093000,   , BEST,   0, 175N, 1407W,  35, 1006, TS,  34, NEQ,   30,   20,    0,   30, 1012,   90,  20,  45,   0,   E,   0,    ,   0,   0,      ULIKA, M, 12, NEQ,   60,   30,    0,   60, genesis-num, 032, 
EP, 19, 2016093006,   , BEST,   0, 179N, 1413W,  30, 1010, TD,   0,    ,    0,    0,    0,    0, 1014,   65,  40,  40,   0,   E,   0,    ,   0,   0,      ULIKA, M, 12, NEQ,   60,   30,    0,   60, genesis-num, 032, 
EP, 19, 2016093012,   , BEST,   0, 183N, 1420W,  30, 1010, LO,   0,    ,    0,    0,    0,    0, 1013,   60,  50,  40,   0,   E,   0,    ,   0,   0,      ULIKA, M,  0,    ,    0,    0,    0,    0, genesis-num, 032, 
EP, 19, 2016093018,   , BEST,   0, 185N, 1427W,  30, 1013, LO,   0,    ,    0,    0,    0,    0, 1016,   60,  50,   0,   0,   E,   0,    ,   0,   0,      ULIKA, S,  0,    ,    0,    0,    0,    0, genesis-num, 032, 
EP, 19, 2016100100,   , BEST,   0, 186N, 1440W,  30, 1012, LO,   0,    ,    0,    0,    0,    0, 1015,   60,  50,   0,   0,   E,   0,    ,   0,   0,      ULIKA, S,  0,    ,    0,    0,    0,    0, genesis-num, 032, 
EP, 19, 2016100106,   , BEST,   0, 187N, 1453W,  25, 1013, LO,   0,    ,    0,    0,    0,    0, 1014,   35,  30,   0,   0,    ,   0,    ,   0,   0,      ULIKA,  ,  0,    ,    0,    0,    0,    0, genesis-num, 032, 
EP, 19, 2016100112,   , BEST,   0, 187N, 1469W,  25, 1013, LO,   0,    ,    0,    0,    0,    0, 1014,   35,  30,   0,   0,    ,   0,    ,   0,   0,      ULIKA,  ,  0,    ,    0,    0,    0,    0, genesis-num, 032, 
EP, 19, 2016100118,   , BEST,   0, 185N, 1488W,  25, 1013, LO,   0,    ,    0,    0,    0,    0, 1014,   35,  30,   0,   0,    ,   0,    ,   0,   0,      ULIKA,  ,  0,    ,    0,    0,    0,    0, genesis-num, 032, 
EP, 19, 2016100200,   , BEST,   0, 177N, 1505W,  25, 1013, LO,   0,    ,    0,    0,    0,    0, 1014,   35,  30,   0,   0,    ,   0,    ,   0,   0,      ULIKA,  ,  0,    ,    0,    0,    0,    0, genesis-num, 032, 
EP, 19, 2016100206,   , BEST,   0, 171N, 1521W,  25, 1013, LO,   0,    ,    0,    0,    0,    0, 1014,   50,  30,   0,   0,    ,   0,    ,   0,   0,      ULIKA,  ,  0,    ,    0,    0,    0,    0, genesis-num, 032, 
EP, 19, 2016100212,   , BEST,   0, 166N, 1536W,  25, 1013, LO,   0,    ,    0,    0,    0,    0, 1014,   50,  30,   0,   0,    ,   0,    ,   0,   0,      ULIKA,  ,  0,    ,    0,    0,    0,    0, genesis-num, 032, 
EP, 19, 2016100218,   , BEST,   0, 160N, 1550W,  25, 1014, LO,   0,    ,    0,    0,    0,    0, 1015,   50,  30,   0,   0,    ,   0,    ,   0,   0,      ULIKA,  ,  0,    ,    0,    0,    0,    0, genesis-num, 032, 
EP, 19, 2016100300,   , BEST,   0, 154N, 1565W,  25, 1014, LO,   0,    ,    0,    0,    0,    0, 1015,   50,  30,   0,   0,    ,   0,    ,   0,   0,      ULIKA,  ,  0,    ,    0,    0,    0,    0, genesis-num, 032, 
EP, 19, 2016100306,   , BEST,   0, 148N, 1580W,  20, 1015, WV,   0,    ,    0,    0,    0,    0, 1015,   50,  30,   0,   0,    ,   0,    ,   0,   0,      ULIKA,  ,  0,    ,    0,    0,    0,    0, genesis-num, 032, 
