EP, 21, 2018092706,   , BEST,   0, 106N,  958W,  25, 1008, DB,   0,    ,    0,    0,    0,    0,    0,    0,   0,   0,   0,    ,   0,    ,   0,   0, GENESIS037,  ,  0,    ,    0,    0,    0,    0, 
EP, 21, 2018092712,   , BEST,   0, 107N,  964W,  25, 1008, DB,   0,    ,    0,    0,    0,    0,    0,    0,   0,   0,   0,    ,   0,    ,   0,   0, GENESIS037,  ,  0,    ,    0,    0,    0,    0, 
EP, 21, 2018092718,   , BEST,   0, 110N,  940W,  25, 1007, DB,   0,    ,    0,    0,    0,    0, 1009,  120,  60,   0,   0,   E,   0,    ,   0,   0,     INVEST, S,  0,    ,    0,    0,    0,    0, 
EP, 21, 2018092800,   , BEST,   0, 111N,  949W,  25, 1007, LO,   0,    ,    0,    0,    0,    0, 1009,  120,  60,   0,   0,   E,   0,    ,   0,   0,     INVEST, S,  0,    ,    0,    0,    0,    0, 
EP, 21, 2018092806,   , BEST,   0, 112N,  958W,  25, 1007, LO,   0,    ,    0,    0,    0,    0, 1009,  120,  60,   0,   0,   E,   0,    ,   0,   0,     INVEST, S,  0,    ,    0,    0,    0,    0, 
EP, 21, 2018092812,   , BEST,   0, 113N,  968W,  30, 1006, LO,   0,    ,    0,    0,    0,    0, 1008,  140,  60,  35,   0,   E,   0,    ,   0,   0,     INVEST, S,  0,    ,    0,    0,    0,    0, 
EP, 21, 2018092818,   , BEST,   0, 115N,  980W,  35, 1004, LO,  34, NEQ,    0,  120,    0,    0, 1009,  140,  60,   0,   0,   E,   0,    ,   0,   0,     INVEST, M,  0,    ,    0,    0,    0,    0, 
EP, 21, 2018092900,   , BEST,   0, 117N,  992W,  35, 1004, LO,  34, NEQ,    0,  120,    0,    0, 1009,  150,  60,  45,   0,   E,   0,    ,   0,   0,     INVEST, M,  0,    ,    0,    0,    0,    0, 
EP, 21, 2018092906,   , BEST,   0, 118N, 1002W,  30, 1006, LO,   0,    ,    0,    0,    0,    0, 1010,  150,  60,  40,   0,   E,   0,    ,   0,   0,     INVEST, M,  0,    ,    0,    0,    0,    0, 
EP, 21, 2018092912,   , BEST,   0, 118N, 1012W,  35, 1006, TS,  34, NEQ,   90,   90,    0,    0, 1010,  150,  60,  45,   0,   E,   0,    ,   0,   0,     INVEST, M,  0,    ,    0,    0,    0,    0, 
EP, 21, 2018092918,   , BEST,   0, 119N, 1022W,  35, 1006, TS,  34, NEQ,  110,  110,    0,    0, 1010,  150,  60,  45,   0,   E,   0,    ,   0,   0,     SERGIO, M, 12, NEQ,   60,    0,    0,    0, 
EP, 21, 2018093000,   , BEST,   0, 119N, 1030W,  40, 1003, TS,  34, NEQ,  110,  110,    0,    0, 1009,  150,  60,  50,   0,   E,   0,    ,   0,   0,     SERGIO, M, 12, NEQ,  120,  120,    0,    0, 
EP, 21, 2018093006,   , BEST,   0, 120N, 1038W,  45, 1001, TS,  34, NEQ,  110,  110,    0,    0, 1009,  150,  40,  55,   0,   E,   0,    ,   0,   0,     SERGIO, M, 12, NEQ,  120,  120,    0,    0, 
EP, 21, 2018093012,   , BEST,   0, 119N, 1048W,  50,  999, TS,  34, NEQ,  110,  110,    0,    0, 1010,  240,  30,  60,   0,   E,   0,    ,   0,   0,     SERGIO, M, 12, NEQ,  120,  120,    0,    0, 
EP, 21, 2018093012,   , BEST,   0, 119N, 1048W,  50,  999, TS,  50, NEQ,   30,   30,    0,    0, 1010,  240,  30,  60,   0,   E,   0,    ,   0,   0,     SERGIO, M, 12, NEQ,  120,  120,    0,    0, 
EP, 21, 2018093018,   , BEST,   0, 116N, 1058W,  55,  998, TS,  34, NEQ,  110,  110,    0,   60, 1010,  300,  30,  65,   0,   E,   0,    ,   0,   0,     SERGIO, M, 12, NEQ,  150,  120,    0,   90, 
EP, 21, 2018093018,   , BEST,   0, 116N, 1058W,  55,  998, TS,  50, NEQ,   30,   30,    0,    0, 1010,  300,  30,  65,   0,   E,   0,    ,   0,   0,     SERGIO, M, 12, NEQ,  150,  120,    0,   90, 
EP, 21, 2018100100,   , BEST,   0, 115N, 1069W,  55,  998, TS,  34, NEQ,  110,  110,    0,   60, 1010,  300,  30,  65,   0,   E,   0,    ,   0,   0,     SERGIO, M, 12, NEQ,  180,  120,   30,  120, 
EP, 21, 2018100100,   , BEST,   0, 115N, 1069W,  55,  998, TS,  50, NEQ,   30,   30,    0,    0, 1010,  300,  30,  65,   0,   E,   0,    ,   0,   0,     SERGIO, M, 12, NEQ,  180,  120,   30,  120, 
EP, 21, 2018100106,   , BEST,   0, 115N, 1080W,  60,  995, TS,  34, NEQ,  110,  110,    0,   60, 1009,  240,  30,  75,   0,   E,   0,    ,   0,   0,     SERGIO, M, 12, NEQ,  180,  120,   60,  120, 
EP, 21, 2018100106,   , BEST,   0, 115N, 1080W,  60,  995, TS,  50, NEQ,   30,   30,    0,   30, 1009,  240,  30,  75,   0,   E,   0,    ,   0,   0,     SERGIO, M, 12, NEQ,  180,  120,   60,  120, 
EP, 21, 2018100112,   , BEST,   0, 114N, 1091W,  60,  995, TS,  34, NEQ,  110,  110,    0,   60, 1009,  240,  30,  75,   0,   E,   0,    ,   0,   0,     SERGIO, M, 12, NEQ,  180,  120,   60,  120, 
EP, 21, 2018100112,   , BEST,   0, 114N, 1091W,  60,  995, TS,  50, NEQ,   30,   30,    0,   30, 1009,  240,  30,  75,   0,   E,   0,    ,   0,   0,     SERGIO, M, 12, NEQ,  180,  120,   60,  120, 
EP, 21, 2018100118,   , BEST,   0, 112N, 1104W,  60,  995, TS,  34, NEQ,  110,  110,    0,   60, 1009,  240,  30,  75,   0,   E,   0,    ,   0,   0,     SERGIO, M, 12, NEQ,  210,  150,  120,  200, 
EP, 21, 2018100118,   , BEST,   0, 112N, 1104W,  60,  995, TS,  50, NEQ,   30,   30,    0,   30, 1009,  240,  30,  75,   0,   E,   0,    ,   0,   0,     SERGIO, M, 12, NEQ,  210,  150,  120,  200, 
EP, 21, 2018100200,   , BEST,   0, 110N, 1115W,  65,  991, HU,  34, NEQ,  110,  110,    0,   60, 1009,  240,  30,  75,   0,   E,   0,    ,   0,   0,     SERGIO, M, 12, NEQ,  210,  150,  120,  200, 
EP, 21, 2018100200,   , BEST,   0, 110N, 1115W,  65,  991, HU,  50, NEQ,   30,   30,    0,   30, 1009,  240,  30,  75,   0,   E,   0,    ,   0,   0,     SERGIO, M, 12, NEQ,  210,  150,  120,  200, 
EP, 21, 2018100200,   , BEST,   0, 110N, 1115W,  65,  991, HU,  64, NEQ,   20,    0,    0,    0, 1009,  240,  30,  75,   0,   E,   0,    ,   0,   0,     SERGIO, M, 12, NEQ,  210,  150,  120,  200, 
EP, 21, 2018100206,   , BEST,   0, 107N, 1126W,  75,  986, HU,  34, NEQ,  110,  110,   60,   90, 1010,  200,  20,  90,   0,   E,   0,    ,   0,   0,     SERGIO, D, 12, NEQ,  180,  210,  120,  180, 
EP, 21, 2018100206,   , BEST,   0, 107N, 1126W,  75,  986, HU,  50, NEQ,   40,   40,   20,   40, 1010,  200,  20,  90,   0,   E,   0,    ,   0,   0,     SERGIO, D, 12, NEQ,  180,  210,  120,  180, 
EP, 21, 2018100206,   , BEST,   0, 107N, 1126W,  75,  986, HU,  64, NEQ,   20,   20,   10,   20, 1010,  200,  20,  90,   0,   E,   0,    ,   0,   0,     SERGIO, D, 12, NEQ,  180,  210,  120,  180, 
EP, 21, 2018100212,   , BEST,   0, 108N, 1135W,  90,  975, HU,  34, NEQ,  110,  110,   60,   90, 1010,  240,  20, 105,   0,   E,   0,    ,   0,   0,     SERGIO, D, 12, NEQ,  180,  210,  120,  180, 
EP, 21, 2018100212,   , BEST,   0, 108N, 1135W,  90,  975, HU,  50, NEQ,   40,   40,   20,   40, 1010,  240,  20, 105,   0,   E,   0,    ,   0,   0,     SERGIO, D, 12, NEQ,  180,  210,  120,  180, 
EP, 21, 2018100212,   , BEST,   0, 108N, 1135W,  90,  975, HU,  64, NEQ,   20,   20,   10,   20, 1010,  240,  20, 105,   0,   E,   0,    ,   0,   0,     SERGIO, D, 12, NEQ,  180,  210,  120,  180, 
EP, 21, 2018100218,   , BEST,   0, 111N, 1146W, 105,  965, HU,  34, NEQ,  110,  130,   60,   90, 1010,  240,  20, 120,   0,   E,   0,    ,   0,   0,     SERGIO, D, 12, NEQ,  270,  270,  120,  180, 
EP, 21, 2018100218,   , BEST,   0, 111N, 1146W, 105,  965, HU,  50, NEQ,   50,   50,   20,   40, 1010,  240,  20, 120,   0,   E,   0,    ,   0,   0,     SERGIO, D, 12, NEQ,  270,  270,  120,  180, 
EP, 21, 2018100218,   , BEST,   0, 111N, 1146W, 105,  965, HU,  64, NEQ,   25,   25,   15,   25, 1010,  240,  20, 120,   0,   E,   0,    ,   0,   0,     SERGIO, D, 12, NEQ,  270,  270,  120,  180, 
EP, 21, 2018100300,   , BEST,   0, 115N, 1154W, 100,  965, HU,  34, NEQ,  110,  130,   60,   90, 1010,  240,  20, 120,   0,   E,   0,    ,   0,   0,     SERGIO, D, 12, NEQ,  300,  300,  150,  180, 
EP, 21, 2018100300,   , BEST,   0, 115N, 1154W, 100,  965, HU,  50, NEQ,   50,   50,   20,   40, 1010,  240,  20, 120,   0,   E,   0,    ,   0,   0,     SERGIO, D, 12, NEQ,  300,  300,  150,  180, 
EP, 21, 2018100300,   , BEST,   0, 115N, 1154W, 100,  965, HU,  64, NEQ,   25,   25,   15,   25, 1010,  240,  20, 120,   0,   E,   0,    ,   0,   0,     SERGIO, D, 12, NEQ,  300,  300,  150,  180, 
EP, 21, 2018100306,   , BEST,   0, 120N, 1162W, 100,  965, HU,  34, NEQ,  120,  130,   80,  100, 1010,  240,  25, 120,   0,   E,   0,    ,   0,   0,     SERGIO, D, 12, NEQ,  300,  300,  180,  180, 
EP, 21, 2018100306,   , BEST,   0, 120N, 1162W, 100,  965, HU,  50, NEQ,   70,   70,   40,   50, 1010,  240,  25, 120,   0,   E,   0,    ,   0,   0,     SERGIO, D, 12, NEQ,  300,  300,  180,  180, 
EP, 21, 2018100306,   , BEST,   0, 120N, 1162W, 100,  965, HU,  64, NEQ,   40,   40,   20,   25, 1010,  240,  25, 120,   0,   E,   0,    ,   0,   0,     SERGIO, D, 12, NEQ,  300,  300,  180,  180, 
EP, 21, 2018100312,   , BEST,   0, 125N, 1170W, 105,  960, HU,  34, NEQ,  120,  130,   80,  100, 1010,  240,  25, 135,   0,   E,   0,    ,   0,   0,     SERGIO, D, 12, NEQ,  300,  300,  180,  180, 
EP, 21, 2018100312,   , BEST,   0, 125N, 1170W, 105,  960, HU,  50, NEQ,   70,   70,   40,   50, 1010,  240,  25, 135,   0,   E,   0,    ,   0,   0,     SERGIO, D, 12, NEQ,  300,  300,  180,  180, 
EP, 21, 2018100312,   , BEST,   0, 125N, 1170W, 105,  960, HU,  64, NEQ,   40,   40,   20,   25, 1010,  240,  25, 135,   0,   E,   0,    ,   0,   0,     SERGIO, D, 12, NEQ,  300,  300,  180,  180, 
EP, 21, 2018100318,   , BEST,   0, 129N, 1176W, 110,  955, HU,  34, NEQ,  120,  130,  120,  100, 1008,  240,  25, 135,   0,   E,   0,    ,   0,   0,     SERGIO, D, 12, NEQ,  300,  300,  210,  210, 
EP, 21, 2018100318,   , BEST,   0, 129N, 1176W, 110,  955, HU,  50, NEQ,   70,   70,   40,   50, 1008,  240,  25, 135,   0,   E,   0,    ,   0,   0,     SERGIO, D, 12, NEQ,  300,  300,  210,  210, 
EP, 21, 2018100318,   , BEST,   0, 129N, 1176W, 110,  955, HU,  64, NEQ,   40,   40,   20,   25, 1008,  240,  25, 135,   0,   E,   0,    ,   0,   0,     SERGIO, D, 12, NEQ,  300,  300,  210,  210, 
EP, 21, 2018100400,   , BEST,   0, 135N, 1180W, 115,  948, HU,  34, NEQ,  120,  130,  120,  100, 1009,  240,  20, 140,   0,   E,   0,    ,   0,   0,     SERGIO, D, 12, NEQ,  420,  360,  210,  270, 
EP, 21, 2018100400,   , BEST,   0, 135N, 1180W, 115,  948, HU,  50, NEQ,   70,   70,   40,   50, 1009,  240,  20, 140,   0,   E,   0,    ,   0,   0,     SERGIO, D, 12, NEQ,  420,  360,  210,  270, 
EP, 21, 2018100400,   , BEST,   0, 135N, 1180W, 115,  948, HU,  64, NEQ,   40,   40,   20,   25, 1009,  240,  20, 140,   0,   E,   0,    ,   0,   0,     SERGIO, D, 12, NEQ,  420,  360,  210,  270, 
EP, 21, 2018100406,   , BEST,   0, 141N, 1185W, 120,  943, HU,  34, NEQ,  120,  130,  130,  100, 1009,  240,  20, 145,   0,   E,   0,    ,   0,   0,     SERGIO, D, 12, NEQ,  390,  330,  240,  270, 
EP, 21, 2018100406,   , BEST,   0, 141N, 1185W, 120,  943, HU,  50, NEQ,   70,   70,   70,   60, 1009,  240,  20, 145,   0,   E,   0,    ,   0,   0,     SERGIO, D, 12, NEQ,  390,  330,  240,  270, 
EP, 21, 2018100406,   , BEST,   0, 141N, 1185W, 120,  943, HU,  64, NEQ,   40,   40,   40,   30, 1009,  240,  20, 145,   0,   E,   0,    ,   0,   0,     SERGIO, D, 12, NEQ,  390,  330,  240,  270, 
EP, 21, 2018100412,   , BEST,   0, 147N, 1190W, 120,  943, HU,  34, NEQ,  120,  130,  130,  100, 1009,  240,  20, 145,   0,   E,   0,    ,   0,   0,     SERGIO, D, 12, NEQ,  360,  330,  270,  300, 
EP, 21, 2018100412,   , BEST,   0, 147N, 1190W, 120,  943, HU,  50, NEQ,   70,   70,   70,   60, 1009,  240,  20, 145,   0,   E,   0,    ,   0,   0,     SERGIO, D, 12, NEQ,  360,  330,  270,  300, 
EP, 21, 2018100412,   , BEST,   0, 147N, 1190W, 120,  943, HU,  64, NEQ,   40,   40,   40,   30, 1009,  240,  20, 145,   0,   E,   0,    ,   0,   0,     SERGIO, D, 12, NEQ,  360,  330,  270,  300, 
EP, 21, 2018100418,   , BEST,   0, 153N, 1196W, 120,  943, HU,  34, NEQ,  120,  130,  130,  100, 1009,  270,  20, 145,   0,   E,   0,    ,   0,   0,     SERGIO, D, 12, NEQ,  360,  330,  270,  300, 
EP, 21, 2018100418,   , BEST,   0, 153N, 1196W, 120,  943, HU,  50, NEQ,   70,   70,   70,   60, 1009,  270,  20, 145,   0,   E,   0,    ,   0,   0,     SERGIO, D, 12, NEQ,  360,  330,  270,  300, 
EP, 21, 2018100418,   , BEST,   0, 153N, 1196W, 120,  943, HU,  64, NEQ,   40,   40,   40,   30, 1009,  270,  20, 145,   0,   E,   0,    ,   0,   0,     SERGIO, D, 12, NEQ,  360,  330,  270,  300, 
EP, 21, 2018100500,   , BEST,   0, 157N, 1202W, 110,  951, HU,  34, NEQ,  120,  130,  130,  100, 1009,  270,  25, 135,   0,   E,   0,    ,   0,   0,     SERGIO, D, 12, NEQ,  420,  360,  330,  330, 
EP, 21, 2018100500,   , BEST,   0, 157N, 1202W, 110,  951, HU,  50, NEQ,   70,   70,   70,   60, 1009,  270,  25, 135,   0,   E,   0,    ,   0,   0,     SERGIO, D, 12, NEQ,  420,  360,  330,  330, 
EP, 21, 2018100500,   , BEST,   0, 157N, 1202W, 110,  951, HU,  64, NEQ,   40,   40,   40,   30, 1009,  270,  25, 135,   0,   E,   0,    ,   0,   0,     SERGIO, D, 12, NEQ,  420,  360,  330,  330, 
EP, 21, 2018100506,   , BEST,   0, 159N, 1208W, 105,  955, HU,  34, NEQ,  150,  140,  120,  110, 1009,  300,  25, 130,   0,   E,   0,    ,   0,   0,     SERGIO, D, 12, NEQ,  450,  360,  300,  330, 
EP, 21, 2018100506,   , BEST,   0, 159N, 1208W, 105,  955, HU,  50, NEQ,   70,   70,   70,   60, 1009,  300,  25, 130,   0,   E,   0,    ,   0,   0,     SERGIO, D, 12, NEQ,  450,  360,  300,  330, 
EP, 21, 2018100506,   , BEST,   0, 159N, 1208W, 105,  955, HU,  64, NEQ,   40,   40,   40,   30, 1009,  300,  25, 130,   0,   E,   0,    ,   0,   0,     SERGIO, D, 12, NEQ,  450,  360,  300,  330, 
EP, 21, 2018100512,   , BEST,   0, 160N, 1215W, 100,  959, HU,  34, NEQ,  150,  140,  120,  110, 1009,  300,  25, 120,   0,   E,   0,    ,   0,   0,     SERGIO, D, 12, NEQ,  480,  360,  300,  360, 
EP, 21, 2018100512,   , BEST,   0, 160N, 1215W, 100,  959, HU,  50, NEQ,   70,   70,   70,   60, 1009,  300,  25, 120,   0,   E,   0,    ,   0,   0,     SERGIO, D, 12, NEQ,  480,  360,  300,  360, 
EP, 21, 2018100512,   , BEST,   0, 160N, 1215W, 100,  959, HU,  64, NEQ,   40,   40,   40,   30, 1009,  300,  25, 120,   0,   E,   0,    ,   0,   0,     SERGIO, D, 12, NEQ,  480,  360,  300,  360, 
EP, 21, 2018100518,   , BEST,   0, 158N, 1220W, 105,  955, HU,  34, NEQ,  150,  100,  100,  110, 1009,  300,  30, 130,   0,   E,   0,    ,   0,   0,     SERGIO, D, 12, NEQ,  480,  360,  300,  420, 
EP, 21, 2018100518,   , BEST,   0, 158N, 1220W, 105,  955, HU,  50, NEQ,   70,   50,   50,   70, 1009,  300,  30, 130,   0,   E,   0,    ,   0,   0,     SERGIO, D, 12, NEQ,  480,  360,  300,  420, 
EP, 21, 2018100518,   , BEST,   0, 158N, 1220W, 105,  955, HU,  64, NEQ,   40,   30,   30,   40, 1009,  300,  30, 130,   0,   E,   0,    ,   0,   0,     SERGIO, D, 12, NEQ,  480,  360,  300,  420, 
EP, 21, 2018100600,   , BEST,   0, 154N, 1225W, 110,  951, HU,  34, NEQ,  150,  110,  110,  120, 1009,  300,  30, 135,   0,   E,   0,    ,   0,   0,     SERGIO, D, 12, NEQ,  480,  360,  300,  420, 
EP, 21, 2018100600,   , BEST,   0, 154N, 1225W, 110,  951, HU,  50, NEQ,   70,   60,   60,   70, 1009,  300,  30, 135,   0,   E,   0,    ,   0,   0,     SERGIO, D, 12, NEQ,  480,  360,  300,  420, 
EP, 21, 2018100600,   , BEST,   0, 154N, 1225W, 110,  951, HU,  64, NEQ,   40,   40,   40,   40, 1009,  300,  30, 135,   0,   E,   0,    ,   0,   0,     SERGIO, D, 12, NEQ,  480,  360,  300,  420, 
EP, 21, 2018100606,   , BEST,   0, 150N, 1231W, 110,  951, HU,  34, NEQ,  150,  110,  110,  160, 1009,  300,  30, 135,   0,   E,   0,    ,   0,   0,     SERGIO, D, 12, NEQ,  450,  360,  300,  450, 
EP, 21, 2018100606,   , BEST,   0, 150N, 1231W, 110,  951, HU,  50, NEQ,   60,   50,   50,   60, 1009,  300,  30, 135,   0,   E,   0,    ,   0,   0,     SERGIO, D, 12, NEQ,  450,  360,  300,  450, 
EP, 21, 2018100606,   , BEST,   0, 150N, 1231W, 110,  951, HU,  64, NEQ,   30,   25,   25,   30, 1009,  300,  30, 135,   0,   E,   0,    ,   0,   0,     SERGIO, D, 12, NEQ,  450,  360,  300,  450, 
EP, 21, 2018100612,   , BEST,   0, 148N, 1237W, 110,  950, HU,  34, NEQ,  140,  120,  120,  160, 1009,  300,  30, 135,   0,   E,   0,    ,   0,   0,     SERGIO, D, 12, NEQ,  450,  330,  300,  450, 
EP, 21, 2018100612,   , BEST,   0, 148N, 1237W, 110,  950, HU,  50, NEQ,   60,   50,   50,   60, 1009,  300,  30, 135,   0,   E,   0,    ,   0,   0,     SERGIO, D, 12, NEQ,  450,  330,  300,  450, 
EP, 21, 2018100612,   , BEST,   0, 148N, 1237W, 110,  950, HU,  64, NEQ,   30,   30,   30,   35, 1009,  300,  30, 135,   0,   E,   0,    ,   0,   0,     SERGIO, D, 12, NEQ,  450,  330,  300,  450, 
EP, 21, 2018100618,   , BEST,   0, 146N, 1244W, 110,  950, HU,  34, NEQ,  140,  120,  110,  170, 1010,  300,  30, 135,   0,   E,   0,    ,   0,   0,     SERGIO, D, 12, NEQ,  450,  330,  300,  450, 
EP, 21, 2018100618,   , BEST,   0, 146N, 1244W, 110,  950, HU,  50, NEQ,   60,   50,   50,   70, 1010,  300,  30, 135,   0,   E,   0,    ,   0,   0,     SERGIO, D, 12, NEQ,  450,  330,  300,  450, 
EP, 21, 2018100618,   , BEST,   0, 146N, 1244W, 110,  950, HU,  64, NEQ,   30,   30,   30,   35, 1010,  300,  30, 135,   0,   E,   0,    ,   0,   0,     SERGIO, D, 12, NEQ,  450,  330,  300,  450, 
EP, 21, 2018100700,   , BEST,   0, 145N, 1251W, 105,  956, HU,  34, NEQ,  140,  120,  110,  170, 1010,  300,  30, 130,   0,   E,   0,    ,   0,   0,     SERGIO, D, 12, NEQ,  450,  360,  300,  480, 
EP, 21, 2018100700,   , BEST,   0, 145N, 1251W, 105,  956, HU,  50, NEQ,   60,   50,   50,   70, 1010,  300,  30, 130,   0,   E,   0,    ,   0,   0,     SERGIO, D, 12, NEQ,  450,  360,  300,  480, 
EP, 21, 2018100700,   , BEST,   0, 145N, 1251W, 105,  956, HU,  64, NEQ,   30,   30,   30,   35, 1010,  300,  30, 130,   0,   E,   0,    ,   0,   0,     SERGIO, D, 12, NEQ,  450,  360,  300,  480, 
EP, 21, 2018100706,   , BEST,   0, 145N, 1258W, 100,  960, HU,  34, NEQ,  140,  120,  110,  170, 1009,  300,  30, 120,   0,   E,   0,    ,   0,   0,     SERGIO, D, 12, NEQ,  450,  360,  300,  480, 
EP, 21, 2018100706,   , BEST,   0, 145N, 1258W, 100,  960, HU,  50, NEQ,   60,   50,   50,   70, 1009,  300,  30, 120,   0,   E,   0,    ,   0,   0,     SERGIO, D, 12, NEQ,  450,  360,  300,  480, 
EP, 21, 2018100706,   , BEST,   0, 145N, 1258W, 100,  960, HU,  64, NEQ,   30,   30,   30,   35, 1009,  300,  30, 120,   0,   E,   0,    ,   0,   0,     SERGIO, D, 12, NEQ,  450,  360,  300,  480, 
EP, 21, 2018100712,   , BEST,   0, 145N, 1266W,  90,  967, HU,  34, NEQ,  160,  120,  120,  160, 1009,  300,  50, 110,   0,   E,   0,    ,   0,   0,     SERGIO, D, 12, NEQ,  450,  360,  360,  480, 
EP, 21, 2018100712,   , BEST,   0, 145N, 1266W,  90,  967, HU,  50, NEQ,   80,   70,   70,   80, 1009,  300,  50, 110,   0,   E,   0,    ,   0,   0,     SERGIO, D, 12, NEQ,  450,  360,  360,  480, 
EP, 21, 2018100712,   , BEST,   0, 145N, 1266W,  90,  967, HU,  64, NEQ,   60,   50,   50,   60, 1009,  300,  50, 110,   0,   E,   0,    ,   0,   0,     SERGIO, D, 12, NEQ,  450,  360,  360,  480, 
EP, 21, 2018100718,   , BEST,   0, 146N, 1273W,  85,  971, HU,  34, NEQ,  160,  120,  120,  160, 1009,  300,  50, 105,   0,   E,   0,    ,   0,   0,     SERGIO, D, 12, NEQ,  450,  360,  360,  480, 
EP, 21, 2018100718,   , BEST,   0, 146N, 1273W,  85,  971, HU,  50, NEQ,   80,   70,   70,   80, 1009,  300,  50, 105,   0,   E,   0,    ,   0,   0,     SERGIO, D, 12, NEQ,  450,  360,  360,  480, 
EP, 21, 2018100718,   , BEST,   0, 146N, 1273W,  85,  971, HU,  64, NEQ,   60,   50,   50,   60, 1009,  300,  50, 105,   0,   E,   0,    ,   0,   0,     SERGIO, D, 12, NEQ,  450,  360,  360,  480, 
EP, 21, 2018100800,   , BEST,   0, 148N, 1278W,  80,  975, HU,  34, NEQ,  160,  120,  120,  160, 1009,  300,  50, 100,   0,   E,   0,    ,   0,   0,     SERGIO, D, 12, NEQ,  450,  360,  360,  480, 
EP, 21, 2018100800,   , BEST,   0, 148N, 1278W,  80,  975, HU,  50, NEQ,   80,   70,   70,   80, 1009,  300,  50, 100,   0,   E,   0,    ,   0,   0,     SERGIO, D, 12, NEQ,  450,  360,  360,  480, 
EP, 21, 2018100800,   , BEST,   0, 148N, 1278W,  80,  975, HU,  64, NEQ,   60,   50,   50,   60, 1009,  300,  50, 100,   0,   E,   0,    ,   0,   0,     SERGIO, D, 12, NEQ,  450,  360,  360,  480, 
EP, 21, 2018100806,   , BEST,   0, 149N, 1281W,  80,  975, HU,  34, NEQ,  140,  120,  120,  140, 1009,  300,  45, 100,   0,   E,   0,    ,   0,   0,     SERGIO, D, 12, NEQ,  450,  390,  300,  510, 
EP, 21, 2018100806,   , BEST,   0, 149N, 1281W,  80,  975, HU,  50, NEQ,   80,   70,   70,   80, 1009,  300,  45, 100,   0,   E,   0,    ,   0,   0,     SERGIO, D, 12, NEQ,  450,  390,  300,  510, 
EP, 21, 2018100806,   , BEST,   0, 149N, 1281W,  80,  975, HU,  64, NEQ,   60,   50,   50,   60, 1009,  300,  45, 100,   0,   E,   0,    ,   0,   0,     SERGIO, D, 12, NEQ,  450,  390,  300,  510, 
EP, 21, 2018100812,   , BEST,   0, 152N, 1285W,  80,  975, HU,  34, NEQ,  130,  110,  110,  130, 1009,  300,  45, 100,   0,   E,   0,    ,   0,   0,     SERGIO, D, 12, NEQ,  450,  390,  480,  480, 
EP, 21, 2018100812,   , BEST,   0, 152N, 1285W,  80,  975, HU,  50, NEQ,   80,   60,   60,   80, 1009,  300,  45, 100,   0,   E,   0,    ,   0,   0,     SERGIO, D, 12, NEQ,  450,  390,  480,  480, 
EP, 21, 2018100812,   , BEST,   0, 152N, 1285W,  80,  975, HU,  64, NEQ,   60,   50,   50,   60, 1009,  300,  45, 100,   0,   E,   0,    ,   0,   0,     SERGIO, D, 12, NEQ,  450,  390,  480,  480, 
EP, 21, 2018100818,   , BEST,   0, 155N, 1285W,  75,  978, HU,  34, NEQ,  110,  120,  110,  110, 1009,  300,  50,  90,   0,   E,   0,    ,   0,   0,     SERGIO, D, 12, NEQ,  330,  300,  360,  390, 
EP, 21, 2018100818,   , BEST,   0, 155N, 1285W,  75,  978, HU,  50, NEQ,   70,   70,   60,   70, 1009,  300,  50,  90,   0,   E,   0,    ,   0,   0,     SERGIO, D, 12, NEQ,  330,  300,  360,  390, 
EP, 21, 2018100818,   , BEST,   0, 155N, 1285W,  75,  978, HU,  64, NEQ,   50,   50,   50,   50, 1009,  300,  50,  90,   0,   E,   0,    ,   0,   0,     SERGIO, D, 12, NEQ,  330,  300,  360,  390, 
EP, 21, 2018100900,   , BEST,   0, 158N, 1285W,  75,  978, HU,  34, NEQ,  110,  120,  110,  110, 1009,  300,  50,  90,   0,   E,   0,    ,   0,   0,     SERGIO, D, 12, NEQ,  270,  240,  330,  360, 
EP, 21, 2018100900,   , BEST,   0, 158N, 1285W,  75,  978, HU,  50, NEQ,   70,   70,   60,   70, 1009,  300,  50,  90,   0,   E,   0,    ,   0,   0,     SERGIO, D, 12, NEQ,  270,  240,  330,  360, 
EP, 21, 2018100900,   , BEST,   0, 158N, 1285W,  75,  978, HU,  64, NEQ,   50,   50,   50,   50, 1009,  300,  50,  90,   0,   E,   0,    ,   0,   0,     SERGIO, D, 12, NEQ,  270,  240,  330,  360, 
EP, 21, 2018100906,   , BEST,   0, 161N, 1282W,  75,  978, HU,  34, NEQ,  110,  120,  110,  110, 1009,  300,  50,  90,   0,   E,   0,    ,   0,   0,     SERGIO, D, 12, NEQ,  270,  240,  330,  360, 
EP, 21, 2018100906,   , BEST,   0, 161N, 1282W,  75,  978, HU,  50, NEQ,   70,   70,   60,   70, 1009,  300,  50,  90,   0,   E,   0,    ,   0,   0,     SERGIO, D, 12, NEQ,  270,  240,  330,  360, 
EP, 21, 2018100906,   , BEST,   0, 161N, 1282W,  75,  978, HU,  64, NEQ,   50,   50,   50,   50, 1009,  300,  50,  90,   0,   E,   0,    ,   0,   0,     SERGIO, D, 12, NEQ,  270,  240,  330,  360, 
EP, 21, 2018100912,   , BEST,   0, 164N, 1277W,  70,  982, HU,  34, NEQ,  110,  120,  110,  110, 1009,  300,  50,  85,   0,   E,   0,    ,   0,   0,     SERGIO, D, 12, NEQ,  270,  240,  330,  360, 
EP, 21, 2018100912,   , BEST,   0, 164N, 1277W,  70,  982, HU,  50, NEQ,   70,   70,   60,   70, 1009,  300,  50,  85,   0,   E,   0,    ,   0,   0,     SERGIO, D, 12, NEQ,  270,  240,  330,  360, 
EP, 21, 2018100912,   , BEST,   0, 164N, 1277W,  70,  982, HU,  64, NEQ,   50,   50,   50,   50, 1009,  300,  50,  85,   0,   E,   0,    ,   0,   0,     SERGIO, D, 12, NEQ,  270,  240,  330,  360, 
EP, 21, 2018100918,   , BEST,   0, 167N, 1270W,  60,  990, TS,  34, NEQ,  110,  120,  110,  110, 1009,  300,  50,  75,   0,   E,   0,    ,   0,   0,     SERGIO, D, 12, NEQ,  300,  270,  360,  390, 
EP, 21, 2018100918,   , BEST,   0, 167N, 1270W,  60,  990, TS,  50, NEQ,   70,   70,   60,   70, 1009,  300,  50,  75,   0,   E,   0,    ,   0,   0,     SERGIO, D, 12, NEQ,  300,  270,  360,  390, 
EP, 21, 2018101000,   , BEST,   0, 172N, 1261W,  60,  990, TS,  34, NEQ,  110,  120,  110,  110, 1009,  300,  50,  75,   0,   E,   0,    ,   0,   0,     SERGIO, D, 12, NEQ,  270,  240,  330,  360, 
EP, 21, 2018101000,   , BEST,   0, 172N, 1261W,  60,  990, TS,  50, NEQ,   70,   70,   60,   70, 1009,  300,  50,  75,   0,   E,   0,    ,   0,   0,     SERGIO, D, 12, NEQ,  270,  240,  330,  360, 
EP, 21, 2018101006,   , BEST,   0, 175N, 1252W,  60,  991, TS,  34, NEQ,  110,  120,  110,  110, 1009,  300,  50,   0,   0,   E,   0,    ,   0,   0,     SERGIO, D,  0,    ,    0,    0,    0,    0, 
EP, 21, 2018101006,   , BEST,   0, 175N, 1252W,  60,  991, TS,  50, NEQ,   70,   70,   60,   70, 1009,  300,  50,   0,   0,   E,   0,    ,   0,   0,     SERGIO, D,  0,    ,    0,    0,    0,    0, 
EP, 21, 2018101012,   , BEST,   0, 181N, 1241W,  55,  992, TS,  34, NEQ,  110,  120,  110,  110, 1009,  300,  50,  65,   0,   E,   0,    ,   0,   0,     SERGIO, D, 12, NEQ,  270,  300,  300,  270, 
EP, 21, 2018101012,   , BEST,   0, 181N, 1241W,  55,  992, TS,  50, NEQ,   70,   70,   60,   70, 1009,  300,  50,  65,   0,   E,   0,    ,   0,   0,     SERGIO, D, 12, NEQ,  270,  300,  300,  270, 
EP, 21, 2018101018,   , BEST,   0, 187N, 1231W,  55,  992, TS,  34, NEQ,  110,  120,  110,  110, 1009,  300,  50,  65,   0,   E,   0,    ,   0,   0,     SERGIO, D, 12, NEQ,  240,  300,  300,  240, 
EP, 21, 2018101018,   , BEST,   0, 187N, 1231W,  55,  992, TS,  50, NEQ,   70,   70,   60,   70, 1009,  300,  50,  65,   0,   E,   0,    ,   0,   0,     SERGIO, D, 12, NEQ,  240,  300,  300,  240, 
EP, 21, 2018101100,   , BEST,   0, 196N, 1220W,  55,  992, TS,  34, NEQ,  110,  120,  110,  110, 1009,  300,  50,  65,   0,   E,   0,    ,   0,   0,     SERGIO, D, 12, NEQ,  180,  240,  240,  180, 
EP, 21, 2018101100,   , BEST,   0, 196N, 1220W,  55,  992, TS,  50, NEQ,   70,   70,   60,   70, 1009,  300,  50,  65,   0,   E,   0,    ,   0,   0,     SERGIO, D, 12, NEQ,  180,  240,  240,  180, 
EP, 21, 2018101106,   , BEST,   0, 205N, 1208W,  55,  992, TS,  34, NEQ,  110,  120,  110,  110, 1009,  300,  50,  65,   0,   E,   0,    ,   0,   0,     SERGIO, D, 12, NEQ,  180,  240,  240,  180, 
EP, 21, 2018101106,   , BEST,   0, 205N, 1208W,  55,  992, TS,  50, NEQ,   70,   70,   60,   70, 1009,  300,  50,  65,   0,   E,   0,    ,   0,   0,     SERGIO, D, 12, NEQ,  180,  240,  240,  180, 
EP, 21, 2018101112,   , BEST,   0, 215N, 1194W,  55,  992, TS,  34, NEQ,  110,  120,  110,  110, 1009,  300,  50,  65,   0,   E,   0,    ,   0,   0,     SERGIO, D, 12, NEQ,  180,  270,  270,  180, 
EP, 21, 2018101112,   , BEST,   0, 215N, 1194W,  55,  992, TS,  50, NEQ,   70,   70,   60,   70, 1009,  300,  50,  65,   0,   E,   0,    ,   0,   0,     SERGIO, D, 12, NEQ,  180,  270,  270,  180, 
EP, 21, 2018101118,   , BEST,   0, 228N, 1177W,  50,  994, TS,  34, NEQ,  110,  120,  110,  110, 1009,  300,  50,  60,   0,   E,   0,    ,   0,   0,     SERGIO, D, 12, NEQ,  180,  180,  270,  210, 
EP, 21, 2018101118,   , BEST,   0, 228N, 1177W,  50,  994, TS,  50, NEQ,   70,   70,   60,   70, 1009,  300,  50,  60,   0,   E,   0,    ,   0,   0,     SERGIO, D, 12, NEQ,  180,  180,  270,  210, 
EP, 21, 2018101200,   , BEST,   0, 241N, 1162W,  50,  994, TS,  34, NEQ,  110,  120,  110,  110, 1009,  300,  50,  60,   0,   E,   0,    ,   0,   0,     SERGIO, D, 12, NEQ,  180,  240,  240,  180, 
EP, 21, 2018101200,   , BEST,   0, 241N, 1162W,  50,  994, TS,  50, NEQ,   70,   70,   60,   70, 1009,  300,  50,  60,   0,   E,   0,    ,   0,   0,     SERGIO, D, 12, NEQ,  180,  240,  240,  180, 
EP, 21, 2018101206,   , BEST,   0, 254N, 1147W,  45,  998, TS,  34, NEQ,  110,  120,  110,  110, 1009,  300,  50,  55,   0,   E,   0,    ,   0,   0,     SERGIO, D, 12, NEQ,   90,  210,  210,  180, 
EP, 21, 2018101212,   , BEST,   0, 268N, 1128W,  40,  999, TS,  34, NEQ,  110,  120,   80,   80, 1009,  300,  50,  50,   0,   E,   0,    ,   0,   0,     SERGIO, D,  0,    ,    0,    0,    0,    0, 
EP, 21, 2018101218,   , BEST,   0, 285N, 1107W,  30, 1000, DB,   0,    ,    0,    0,    0,    0, 1009,  300,  50,  40,   0,   E,   0,    ,   0,   0,     SERGIO, D,  0,    ,    0,    0,    0,    0, 
