EP, 95, 2014110212,   , BEST,   0,  88N,  936W,  25, 1009, DB,   0,    ,    0,    0,    0,    0, 1010,  180,  60,   0,   0, 
EP, 95, 2014110218,   , BEST,   0,  91N,  953W,  30, 1009, DB,   0,    ,    0,    0,    0,    0, 1010,  180,  60,   0,   0, 
EP, 95, 2014110300,   , BEST,   0,  95N,  971W,  35, 1008, DB,  34, NEQ,   70,    0,    0,    0, 1010,  180,  60,   0,   0, 
EP, 95, 2014110306,   , BEST,   0,  98N,  990W,  35, 1008, DB,  34, NEQ,   70,    0,    0,    0, 1010,  180,  60,   0,   0, 
EP, 95, 2014110312,   , BEST,   0, 100N, 1009W,  35, 1008, DB,  34, NEQ,   70,    0,    0,    0, 1010,  180,  60,   0,   0,   E,   0,    ,   0,   0,     INVEST, S, 
EP, 95, 2014110318,   , BEST,   0, 103N, 1028W,  30, 1008, DB,   0,    ,    0,    0,    0,    0, 1012,  180,  60,   0,   0,   E,   0,    ,   0,   0,     INVEST, S, 
EP, 95, 2014110400,   , BEST,   0, 108N, 1041W,  30, 1008, DB,   0,    ,    0,    0,    0,    0, 1012,  180,  60,   0,   0,   E,   0,    ,   0,   0,     INVEST, S, 
EP, 95, 2014110406,   , BEST,   0, 117N, 1052W,  30, 1008, DB,   0,    ,    0,    0,    0,    0, 1012,  180,  60,   0,   0,   E,   0,    ,   0,   0,     INVEST, S, 
EP, 95, 2014110412,   , BEST,   0, 130N, 1060W,  30, 1008, DB,   0,    ,    0,    0,    0,    0, 1012,  180,  60,   0,   0,   E,   0,    ,   0,   0,     INVEST, S, 
EP, 95, 2014110418,   , BEST,   0, 145N, 1060W,  25, 1008, DB,  34, NEQ,    0,    0,    0,    0, 1012,  180,  60,   0,   0,   E,   0,    ,   0,   0,     INVEST, S, 
